1
2
3
4
5
6
7
8
9
10
11
12
13
14
15
16
17
18
19
20
21
22
23
24
25
26
27
28
29
30
31
32
33
34
35
36
37
38
39
40
41
42
43
44
45
46
47
48
49
50
51
52
53
54
55
56
57
58
59
60
61
62
63
64
65
66
67
68
69
70
71
72
73
74
75
76
77
78
79
80
81
82
83
84
85
86
87
88
89
90
91
92
93
94
95
96
97
98
99
100
101
102
103
104
105
106
107
108
109
110
111
112
113
114
115
116
117
118
119
120
121
122
123
124
125
126
127
128
129
130
131
132
133
134
135
136
137
138
139
140
141
142
143
144
145
146
147
148
149
150
151
152
153
154
155
156
157
158
159
160
161
162
163
164
165
166
167
168
169
170
171
172
173
174
175
176
177
178
179
180
181
182
183
184
185
186
187
188
189
190
191
192
193
194
195
196
197
198
199
200
201
202
203
204
206
210
211
212
209
214
215
216
217
218
219
213
208
220
241
244
242
221
222
223
224
225
226
227
228
229
230
231
232
233
234
235
236
237
238
239
240
243
245
246
247
248
249
207
250
251
252
205
253
255
256
257
258
254
259
260
261
262
263
264
267
266
269
268
265
270
272
273
271
275
274
277
276
278
279
280
281
282
284
283
285
289
287
286
292
288
293
296
297
295
294
299
298
300
301
302
303
304
305
306
307
308
309
310
290
311
313
312
314
315
316
318
317
319
321
320
322
323
324
326
325
327
328
329
332
331
330
333
334
335
337
336
340
341
338
339
342
343
346
344
345
347
350
351
348
349
354
355
356
357
358
359
360
352
362
353
364
361
363
365
366
369
367
370
368
373
374
371
372
377
378
376
380
375
291
381
379
382
383
384
385
386
387
388
390
389
392
391
394
393
395
396
398
397
399
401
400
403
402
405
404
406
407
409
408
410
411
413
412
414
415
416
418
417
420
419
421
422
424
423
426
425
428
427
430
429
431
432
433
434
436
435
437
438
439
440
441
442
443
444
446
445
447
448
449
450
452
453
454
451
456
457
458
455
460
461
459
462
463
464
466
465
468
467
470
469
472
471
474
473
476
475
478
477
479
480
481
483
482
484
486
485
487
488
489
491
490
492
493
495
496
494
497
498
499
501
500
503
502
505
506
507
504
508
509
510
511
513
512
515
516
517
514
519
518
520
521
523
522
525
524
526
527
528
530
529
531
533
532
535
534
537
536
539
540
538
541
543
542
545
546
544
547
548
550
549
551
552
553
554
555
557
556
558
559
560
561
562
563
565
564
566
567
568
569
570
571
573
572
574
575
576
577
579
578
580
581
582
583
584
585
586
587
589
588
591
590
592
593
595
594
597
596
599
598
600
601
602
603
605
604
606
607
609
608
611
610
612
613
615
614
617
616
619
618
621
620
622
623
625
624
626
627
628
629
630
631
633
632
634
635
636
637
639
638
640
641
643
642
644
645
647
646
649
648
651
650
653
652
655
656
657
654
658
659
660
661
662
663
664
666
665
667
668
669
670
671
672
673
674
675
676
678
677
680
679
682
681
684
683
685
686
688
687
689
690
691
692
693
695
694
696
697
699
698
701
702
700
704
703
705
706
707
708
710
711
712
713
714
715
709
716
717
718
719
720
721
722
724
725
726
727
728
723
730
729
731
732
733
734
735
736
738
737
740
739
742
741
744
743
745
746
748
749
750
747
752
751
754
753
756
755
758
757
759
761
760
762
764
763
765
766
768
767
769
770
771
773
772
774
775
777
776
778
780
779
782
781
784
783
786
785
787
788
789
790
791
792
793
794
795
797
796
798
799
800
801
803
804
802
805
806
808
807
809
810
812
811
813
815
814
816
817
819
818
821
820
822
823
824
825
827
826
829
830
831
832
828
833
835
834
836
837
839
838
841
840
842
843
845
844
847
846
848
849
850
851
852
853
854
855
856
857
858
859
860
861
862
863
864
865
867
866
869
868
870
871
873
872
875
874
876
878
877
879
880
881
882
884
883
886
885
887
888
889
890
892
891
894
893
895
896
898
897
899
900
901
902
903
905
906
904
907
908
909
910
912
911
913
914
915
917
916
918
919
920
921
922
924
923
926
927
928
925
930
929
932
931
933
934
936
937
935
938
940
939
942
941
943
944
946
947
945
949
948
951
950
953
952
954
955
957
956
958
959
961
960
963
964
962
965
967
966
968
969
971
970
972
973
974
975
976
977
979
978
980
981
982
983
984
985
986
987
988
990
989
992
993
991
994
995
996
997
998
999
1000
1002
1003
1001
1004
1005
1006
1007
1009
1008
1010
1011
1012
1013
1015
1014
1016
1017
1019
1018
1021
1020
1022
1023
1024
1025
1026
1027
1028
1029
1030
1031
1033
1032
1034
1035
1036
1038
1037
1039
1040
1041
1042
1043
1044
1045
1046
1047
1049
1048
1050
1052
1051
1053
1054
1055
1056
1057
1058
1059
1060
1061
1062
1064
1065
1063
1066
1068
1067
1069
1071
1070
1072
1073
1075
1076
1074
1077
1079
1080
1081
1078
1083
1082
1085
1084
1086
1087
1089
1088
1090
1091
1093
1094
1092
1095
1096
1097
1098
1099
1100
1102
1103
1104
1101
1105
1106
1108
1107
1110
1109
1112
1113
1114
1111
1115
1116
1118
1119
1117
1120
1121
1122
1123
1124
1125
1126
1127
1128
1129
1130
1131
1132
1134
1133
1135
1136
1137
1138
1139
1141
1142
1143
1140
1145
1146
1144
1147
1148
1150
1151
1149
1153
1154
1152
1156
1157
1155
1158
1160
1159
1161
1162
1163
1165
1166
1167
1164
1169
1168
1171
1170
1172
1173
1174
1175
1177
1178
1179
1180
1176
1181
1183
1182
1185
1184
1187
1188
1186
1189
1190
1191
1192
1194
1193
1195
1196
1197
1198
1199
1200
1201
1202
1204
1205
1203
1206
1207
1208
1210
1209
1212
1211
1214
1213
1215
1216
1217
1218
1219
1220
1221
1222
1223
1224
1225
1226
1227
1228
1230
1229
1232
1231
1233
1234
1235
1236
1237
1238
1239
1240
1241
1242
1243
1244
1246
1245
1247
1248
1250
1249
1252
1253
1251
1254
1255
1257
1256
1259
1260
1258
1261
1263
1262
1264
1265
1266
1267
1269
1268
1271
1270
1273
1272
1274
1275
1276
1277
1278
1279
1281
1280
1283
1282
1284
1286
1285
1288
1287
1289
1290
1292
1291
1294
1295
1293
1297
1296
1299
1298
1300
1301
1303
1302
1304
1306
1305
1308
1307
1310
1309
1311
1312
1313
1314
1315
1316
1317
1318
1319
1321
1320
1323
1322
1324
1326
1325
1327
1328
1330
1331
1329
1332
1333
1335
1336
1334
1337
1339
1340
1338
1341
1342
1343
1344
1346
1345
1347
1348
1349
1350
1351
1352
1353
1355
1354
1356
1357
1359
1358
1361
1360
1362
1363
1365
1364
1366
1367
1368
1369
1371
1370
1372
1373
1375
1374
1377
1376
1378
1379
1380
1381
1383
1382
1385
1384
1386
1387
1388
1389
1390
1391
1392
1393
1395
1394
1397
1396
1398
1399
1400
1401
1402
1403
1405
1404
1407
1406
1409
1408
1411
1410
1412
1413
1414
1415
1416
1417
1418
1419
1421
1420
1423
1422
1424
1425
1427
1426
1429
1428
1430
1431
1432
1433
1434
1435
1436
1437
1438
1439
1440
1441
1443
1442
1444
1445
1446
1447
1448
1449
1450
1451
1452
1454
1453
1456
1455
1457
1458
1460
1459
1461
1462
1464
1463
1465
1466
1467
1469
1468
1470
1471
1473
1472
1475
1474
1477
1476
1479
1478
1481
1480
1482
1483
1484
1485
1486
1487
1488
1489
1491
1490
1492
1493
1495
1494
1496
1497
1498
1499
1501
1500
1502
1503
1505
1504
1507
1506
1508
1509
1510
1511
1512
1513
1515
1514
1516
1517
1518
1519
1520
1521
1522
1523
1524
1525
1526
1527
1528
1530
1529
1532
1531
1533
1535
1534
1537
1536
1539
1538
1541
1540
1542
1543
1545
1544
1546
1547
1549
1548
1551
1550
1553
1552
1554
1555
1557
1558
1556
1559
1560
1561
1563
1564
1565
1562
1567
1566
1569
1568
1570
1572
1573
1574
1575
1571
1577
1576
1578
1580
1581
1582
1579
1583
1584
1585
1586
1587
1589
1590
1588
1591
1592
1593
1594
1595
1596
1597
1598
1599
1600
1602
1601
1603
1604
1606
1605
1607
1609
1608
1611
1610
1612
1613
1614
1615
1616
1617
1618
1620
1619
1622
1621
1624
1623
1626
1625
1627
1628
1629
1630
1632
1631
1633
1635
1634
1637
1636
1639
1638
1640
1641
1643
1642
1644
1645
1646
1647
1648
1649
1651
1650
1653
1652
1654
1655
1657
1656
1659
1658
1661
1660
1662
1664
1663
1665
1667
1666
1668
1669
1670
1671
1672
1673
1675
1676
1674
1677
1678
1680
1679
1681
1682
1684
1683
1686
1685
1687
1688
1690
1689
1692
1691
1694
1693
1695
1696
1698
1697
1699
1700
1702
1701
1704
1703
1706
1705
1708
1707
1709
1710
1712
1711
1713
1714
1716
1715
1717
1718
1720
1719
1721
1722
1724
1723
1726
1725
1727
1728
1729
1730
1732
1731
1733
1734
1735
1736
1737