1
4
3
5
6
7
2
8
9
10
11
12
13
14
15
16
17
19
18
20
21
23
24
22
26
25
28
27
29
30
31
34
33
35
32
37
36
38
39
40
41
43
42
47
45
46
44
48
50
49
51
52
54
53
56
55
57
58
61
59
62
63
60
65
66
64
68
67
72
69
71
70
74
73
75
76
77
79
80
78
81
82
84
85
86
87
83
88
90
92
89
91
93
96
95
94
97
100
98
102
99
103
104
105
106
108
107
109
101
110
111
113
112
114
115
116
117
118
119
122
120
121
125
123
126
127
128
130
124
131
129
133
134
135
136
137
132
138
139
141
140
142
143
145
146
147
148
144
149
150
154
153
152
155
151
157
156
158
159
160
162
161
163
164
165
166
167
170
168
171
173
169
174
176
175
177
178
179
180
181
183
182
184
185
187
186
188
190
189
191
192
193
194
195
196
198
199
200
201
202
204
203
205
206
207
208
209
210
211
212
213
214
215
216
217
218
219
220
221
222
223
225
224
227
226
229
228
230
231
233
232
234
235
236
237
239
238
240
241
242
243
244
245
246
247
248
249
250
251
253
252
254
255
256
257
258
259
260
261
262
263
264
266
265
267
268
269
270
271
272
273
274
275
276
277
278
279
280
281
282
283
284
286
285
287
288
289
290
291
292
293
294
295
296
297
298
299
300
301
302
304
303
305
306
307
308
309
310
311
313
314
312
315
316
317
318
319
321
322
323
324
325
326
327
328
329
330
331
332
333
334
335
336
337
338
339
340
341
342
343
344
345
346
347
348
349
350
351
352
353
354
355
356
357
358
359
360
361
362
363
364
365
366
367
368
369
370
371
372
373
374
375
376
377
378
379
380
381
320
197
172
382
383
384
385
386
387
388
389
390
391
393
392
394
395
396
399
400
398
397
401
402
403
404
405
406
407
408
409
410
411
412
413
414
415
416
418
417
419
420
422
421
423
424
426
428
427
425
429
430
431
432
434
433
435
436
437
438
439
440
441
442
443
444
446
447
445
448
449
452
450
451
453
455
457
456
454
460
458
459
461
463
464
466
465
467
470
462
468
469
471
474
473
472
475
477
476
479
480
481
478
482
483
484
485
486
488
487
489
490
492
493
494
491
496
498
499
497
495
500
501
502
505
506
504
508
507
509
510
512
511
514
515
517
516
513
518
520
519
522
521
524
523
525
526
527
528
529
530
531
532
533
535
536
537
534
540
541
542
543
544
503
539
538
547
548
545
546
549
550
553
552
551
554
555
557
556
559
560
562
561
558
564
563
568
566
565
571
567
570
569
573
572
574
575
576
578
579
577
580
583
581
582
656
585
586
584
587
589
588
591
593
590
592
594
595
596
597
598
600
599
602
601
603
604
605
609
608
610
607
612
606
611
613
615
614
617
616
619
618
620
622
621
623
626
624
628
625
627
629
630
633
631
632
634
635
638
637
636
639
641
640
643
642
644
646
645
647
648
650
649
651
652
653
654
655
657
658
659
660
661
663
662
665
664
666
667
668
669
670
672
673
674
676
671
677
678
675
679
680
682
681
683
684
686
685
687
688
689
690
691
692
693
694
695
696
697
698
699
700
701
703
702
705
704
707
706
708
709
711
710
712
713
715
716
718
717
719
721
720
714
723
724
725
727
726
798
722
728
729
730
731
732
734
733
735
737
736
739
738
741
740
742
743
745
744
746
748
747
749
750
751
752
753
755
754
757
756
759
761
760
762
758
763
764
767
765
766
768
770
771
772
773
774
775
776
777
778
779
780
781
782
783
769
784
786
785
787
788
789
790
791
792
793
794
795
796
797
873
799
800
801
802
804
803
805
806
807
808
809
810
811
812
814
815
816
817
813
818
819
820
822
821
823
824
826
825
828
827
829
830
832
831
833
834
835
836
837
838
839
840
843
842
844
846
845
841
847
848
849
850
851
852
853
854
855
856
857
858
859
860
862
861
863
864
865
866
867
868
869
870
874
871
872
875
876
877
878
879
880
881
882
885
883
886
884
887
888
889
890
891
894
892
893
895
896
897
898
899
902
900
903
904
901
906
907
905
908
909
911
912
913
914
915
910
916
917
918
919
920
921
922
923
925
926
924
928
927
929
930
932
933
934
935
936
937
931
938
939
940
941
942
943
944
945
946
947
948
949
950
951
952
954
953
955
956
957
959
960
961
962
958
963
965
964
967
968
969
966
970
971
972
973
974
976
975
977
978
979
980
981
982
983
985
984
986
987
988
989
991
990
992
993
995
994
996
997
999
998
1000
1002
1001
1003
1005
1004
1007
1008
1009
1010
1006
1011
1012
1013
1014
1015
1016
1017
1018
1019
1020
1021
1022
1026
1024
1023
1025
1028
1027
1029
1030
1032
1031
1033
1034
1035
1036
1037
1038
1039
1040
1041
1042
1043
1044
1045
1046
1047
1048
1049
1050
1051
1052
1053
1054
1055
1056
1057
1058
1059
1061
1060
1062
1064
1066
1063
1065
1067
1068
1070
1069
1071
1074
1073
1072
1075
1077
1076
1078
1079
1081
1080
1082
1083
1085
1086
1084
1087
1088
1090
1089
1091
1092
1093
1094
1095
1096
1097
1098
1099
1102
1100
1101
1103
1107
1104
1106
1105
1108
1109
1110
1111
1112
1113
1114
1115
1117
1116
1118
1119
1120
1121
1122
1124
1123
1125
1126
1127
1128
1129
1130
1131
1132
1133
1134
1135
1137
1136
1138
1139
1140
1141
1142
1143
1144
1145
1146
1147
1148
1149
1151
1150
1152
1153
1155
1154
1156
1157
1159
1158
1160
1161
1162
1163
1164
1165
1166
1167
1168
1169
1172
1170
1171
1173
1174
1175
1176
1177
1178
1179
1180
1182
1181
1183
1184
1185
1186
1187
1188
1190
1189
1191
1192
1193
1194
1195
1196
1197
1198
1199
1200
1201
1202
1203
1204
1205
1206
1207
1208
1209
1210
1211
1212
1213
1214
1215
1217
1216
1218
1219
1221
1220
1222
1223
1225
1224
1226
1227
1230
1228
1229
1232
1231
1233
1234
1235
1236
1237
1238
1241
1242
1239
1240
1244
1245
1243
1246
1248
1247
1249
1250
1251
1252
1254
1253
1255
1256
1258
1257
1259
1262
1260
1261
1263
1265
1264
1266
1267
1270
1269
1268
1273
1271
1272
1274
1275
1276
1278
1277
1279
1281
1282
1280
1284
1283
1285
1286
1287
1288
1290
1289
1291
1292
1293
1294
1295
1296
1297
1298
1299
1300
1301
1302
1303
1304
1308
1305
1306
1307
1309
1310
1312
1311
1313
1314
1315
1316
1318
1317
1319
1320
1321
1322
1324
1323
1325
1326
1327
1329
1328
1330
1331
1332
1333
1334
1335
1336
1338
1339
1341
1340
1342
1344
1343
1345
1346
1347
1348
1349
1350
1351
1352
1354
1353
1355
1356
1357
1358
1359
1360
1361
1362
1363
1365
1364
1366
1367
1368
1369
1370
1371
1372
1373
1374
1375
1377
1376
1378
1379
1380
1381
1382
1383
1384
1385
1386
1387
1388
1389
1390
1391
1392
1395
1393
1394
1396
1397
1398
1399
1400
1401
1402
1403
1404
1405
1406
1407
1408
1409
1410
1411
1412
1413
1414
1415
1416
1417
1418
1419
1420
1421
1422
1423
1424
1425
1427
1426
1428
1430
1429
1431
1433
1432
1435
1434
1437
1436
1439
1438
1440
1441
1442
1443
1444
1446
1445
1447
1448
1449
1450
1451
1452
1453
1454
1455
1457
1456
1459
1458
1460
1461
1462
1463
1464
1465
1466
1467
1468
1469
1470
1471
1472
1474
1473
1475
1477
1476
1478
1479
1480
1481
1482
1483
1484
1485
1486
1487
1488
1490
1489
1491
1493
1492
1494
1495
1496
1498
1497
1499
1500
1501
1502
1503
1504
1505
1506
1507
1508
1510
1509
1511
1512
1513
1514
1515
1516
1517
1520
1519
1518
1522
1521
1523
1524
1525
1526
1527
1528
1529
1530
1531
1532
1533
1534
1535
1536
1537
1538
1539
1541
1540
1542
1543
1544
1546
1545
1547
1548
1549
1551
1550
1552
1553
1554
1556
1555
1557
1559
1558
1560
1561
1562
1563
1564
1565
1566
1567
1568
1569
1570
1571
1572
1573
1574
1575
1576
1577
1578
1580
1579
1581
1582
1583
1584
1585
1586
1587
1588
1589
1590
1591
1592
1593
1595
1594
1596
1597
1598
1599
1600
1601
1602
1603
1604
1605
1606
1607
1608
1609
1610
1611
1612
1613
1614
1615
1617
1616
1618
1620
1619
1621
1622
1623
1624
1626
1625
1627
1628
1629
1630
1631
1632
1633
1634
1635
1636
1638
1637
1639
1641
1640
1642
1643
1644
1646
1645
1647
1648
1649
1650
1652
1651
1653
1655
1654
1656
1657
1659
1658
1660
1661
1662
1664
1663
1665
1667
1666
1668
1669
1670
1671
1673
1672
1674
1676
1675
1677
1678
1679
1680
1682
1681
1683
1684
1686
1685
1687
1688
1689
1690
1692
1691
1693
1694
1695
1696
1697
1698
1699
1700
1701
1702
1704
1703
1705
1706
1707
1708
1709
1710
1711
1712
1713
1716
1715
1714
1717
1718
1719
1720
1721
1722
1723
1724
1725
1726
1727
1728
1729
1730
1731
1732
1733
1734
1735
1736
1738
1737
1739
1740
1741
1743
1744
1742
1745
1746
1747
1748
1749
1750
1751
1752
1753
1754
1755
1756
1757
1758
1759
1762
1761
1760
1836
1763
1764
1765
1766
1767
1768
1769
1770
1771
1772
1773
1774
1775
1776
1777
1778
1779
1781
1780
1782
1784
1783
1785
1786
1787
1788
1789
1790
1791
1792
1793
1794
1795
1796
1797
1798
1800
1799
1801
1802
1803
1805
1804
1806
1808
1807
1810
1811
1809
1813
1815
1812
1814
1816
1818
1817
1819
1820
1821
1823
1822
1825
1824
1826
1827
1828
1829
1830
1831
1832
1833
1834
1835
1837
1838
1839
1840
1841
1842
1845
1844
1843
1847
1848
1846
1850
1849
1851
1853
1852
1854
1857
1856
1855
1858
1860
1859
1863
1862
1861
1865
1864
1866
1868
1867
1869
1870
1871
1872
1873
1874
1875
1876
1877
1879
1878
1880
1881
1882
1883
1884
1885
1886
1887
1888
1889
1891
1890
1892
1893
1894
1895
1896
1897
1898
1900
1899
1901
1902
1903
1904
1905
1906
1907
1908
1909
1910
1911
1912
1913
1914
1915
1916
1917
1918
1919
1920
1922
1921
1923
1924
1926
1925
1927
1928
1929
1930
1931
1932
1934
1933
1935
1937
1936
1938
1939
1940
1941
1942
1943
1944
1945
1947
1946
1948
1949
1950
1951
1952
1953
1954
1955
1956
1957
1958
1959
1960
1962
1961
1965
1964
1963
1966
1967
1968
1969
1970
1971
1972
1973
1974
1976
1975
1977
1978
1979
1980
1981
1982
1983
1984
1985
1986
1988
1987
1989
1991
1990
1992
1993
1994
1995
1996
1997
2000
1999
1998
2001
2002
2003
2004
2007
2005
2006
2008
2010
2009
2011
2013
2012
2014
2016
2015
2017
2018
2019
2020
2021
2022
2024
2023
2025
2026
2027
2028
2029
2031
2030
2032
2033
2034
2035
2037
2036
2040
2038
2039
2041
2042
2043
2044
2045
2047
2046
2048
2049
2050
2052
2051
2053
2054
2055
2058
2056
2057
2059
2060
2061
2062
2063
2064
2065
2067
2066
2068
2070
2069
2071
2072
2073
2074
2075
2076
2077
2078
2079
2080
2081
2082
2083
2084
2085
2086
2087
2088
2089
2090
2091
2092
2093
2094
2095
2096
2097
2098
2099
2100
2101
2103
2102
2104
2105
2106
2109
2107
2108
2111
2113
2112
2114
2115
2116
2117
2118
2119
2120
2122
2121
2123
2125
2124
2126
2127
2128
2129
2130
2131
2132
2133
2134
2135
2136
2137
2138
2140
2139
2141
2142
2143
2144
2145
2146
2147
2148
2149
2151
2150
2152
2153
2154
2155
2156
2157
2158
2159
2160
2161
2162
2163
2164
2165
2166
2167
2168
2169
2170
2171
2172
2175
2177
2178
2179
2180
2181
2182
2183
2184
2185
2186
2187
2188
2189
2190
2191
2192
2193
2194
2196
2195
2197
2198
2199
2200
2201
2202
2203
2204
2205
2206
2208
2207
2209
2210
2211
2212
2213
2214
2215
2216
2218
2219
2220
2221
2222
2223
2224
2225
2226
2227
2228
2229
2230
2231
2232
2233
2235
2234
2236
2238
2239
2240
2241
2237
2242
2243
2244
2245
2246
2247
2248
2250
2249
2251
2252
2253
2255
2256
2257
2259
2260
2261
2264
2265
2263
2266
2267
2268
2271
2277
2287
2289
2288
2290
2291
2292
2293
2294
2295
2296
2297
2298
2299
2300
2301
2304
2302
2306
2305
2307
2308
2310
2311
2312
2313
2314
2315
2316
2317
2318
2320
2319
2321
2322
2323
2324
2325
2326
2327
2328
2330
2329
2331
2333
2332
2334
2336
2335
2337
2338
2339
2340
2341
2342
2343
2344
2345
2346
2347
2348
2349
2350
2351
2352
2353
2354
2355
2356
2357
2358
2359
2360
2361
2363
2364
2366
2367
2368
2369
2371
2370
2372
2373
2374
2375
2376
2377
2378
2379
2380
2381
2382
2383
2385
2386
2387
2390
2389
2388
2391
2392
2393
2394
2395
2396
2397
2398
2399
2400
2401
2402
2403
2404
2405
2406
2407
2408
2409
2410
2411
2412
2413
2414
2415
2416
2417
2418
2419
2420
2421
2422
2423
2424
2425
2426
2427
2428
2429
2430
2431
2432
2433
2434
2436
2435
2437
2438
2439
2440
2442
2441
2443
2445
2444
2446
2448
2447
2449
2450
2451
2452
2453
2454
2455
2456
2457
2459
2460
2461
2462
2463
2464
2465
2466
2467
2469
2468
2470
2472
2471
2473
2474
2475
2476
2478
2479
2480
2481
2482
2483
2484
2485
2486
2488
2489
2490
2491
2492
2493
2494
2495
2496
2497
2498
2499
2501
2500
2502
2504
2503
2505
2506
2507
2508
2509
2510
2511
2512
2513
2514
2515
2516
2518
2517
2519
2520
2521
2522
2523
2525
2524
2526
2528
2527
2529
2530
2531
2532
2533
2534
2536
2535
2538
2540
2539
2541
2543
2544
2545
2546
2547
2549
2548
2550
2552
2551
2553
2554
2556
2555
2557
2559
2558
2560
2561
2562
2563
2565
2566
2567
2568
2569
2570
2571
2572
2573
2574
2575
2576
2577
2578
2579
2580
2581
2582
2583
2584
2585
2586
2587
2588
2591
2590
2592
2593
2595
2594
2596
2597
2599
2598
2600
2601
2603
2602
2605
2604
2607
2606
2608
2609
2610
2611
2612
2613
2614
2615
2616
2617
2618
2619
2620
2621
2622
2623
2624
2626
2625
2628
2627
2629
2630
2632
2631
2633
2634
2636
2635
2637
2638
2639
2640
2641
2642
2643
2644
2645
2646
2647
2648
2649
2650
2651
2652
2654
2653
2655
2656
2657
2658
2659
2660
2661
2662
2663
2664
2665
2667
2666
2668
2669
2670
2671
2672
2673
2674
2675
2676
2677
2678
2679
2680
2681
2682
2683
2685
2686
2687
2688
2689
2690
2691
2692
2693
2694
2695
2696
2697
2698
2699
2700
2701
2702
2703
2704
2705
2706
2707
2727
2728
2729
2730
2731
2732
2733
2734
2735
2736
2737
2738
2739
2740
2741
2742
2743
2744
2745
2746
2747
2748
2749
2750
2751
2752
2754
2753
2755
2756
2758
2757
2760
2759
2761
2762
2763
2764
2765
2766
2767
2768
2769
2770
2771
2772
2774
2773
2776
2775
2777
2778
2779
2780
2781
2782
2783
2784
2785
2787
2786
2788
2789
2790
2791
2792
2793
2794
2795
2796
2797
2798
2799
2800
3023
2801
2802
2803
2804
2805
2806
2807
2808
2809
2810
2812
2811
2814
2813
2816
2815
2817
2818
2819
2820
2821
2822
2823
2824
2825
2826
2827
2828
2829
2830
2831
2832
2833
2834
2835
2836
2837
2838
2839
2840
2841
2842
2843
2844
2845
2846
2847
2849
2850
2848
2852
2851
2853
2854
2855
2857
2856
2860
2859
2862
2861
2864
2863
2866
2865
2867
2868
2869
2870
2871
2872
3024
2873
2874
2875
2876
2877
2878
2879
2880
2881
2882
2883
2884
2885
2886
2887
2888
2889
2890
2891
2892
2893
2894
2895
2896
2897
2898
2899
2900
2901
2902
2903
2904
2906
2907
2908
2909
2910
2912
2913
2914
2915
2916
2917
2918
2919
2920
2921
2922
2923
2924
2925
2926
2927
2928
2929
2930
2932
2933
2934
2935
2936
2937
2938
2939
2940
2941
2942
2943
2944
2945
2946
2947
2949
2948
2950
2951
2952
2953
2954
2956
2957
2958
2959
2960
2962
2961
2963
2964
2965
2966
2967
2968
2970
2969
2971
2972
2973
2974
2975
2976
2977
2978
2979
2980
2981
2982
2983
2984
2985
2986
2987
2988
2989
2990
2992
2993
2994
2995
2996
2997
2998
3000
2999
3002
3001
3004
3003
3005
3006
3007
3008
3009
3010
3011
3012
3013
3014
3015
3016
3017
3018
3019
3020
3021
3025
3026
3027
3028
3030
3031
3029
3032
3033
3034
3035
3036
3037
3038
3039
3040
3041
3042
3043
3044
3045
3046
3047
3048
3049
3050
3051
3052
3053
3054
3055
3056
3057
3058
3059
3060
3061
3062
3063
3064
3065
3066
3067
3068
3069
3071
3070
3073
3072
3075
3074
3077
3076
3079
3078
3080
3081
3082
3083
3084
3085
3086
3087
3088
3089
3091
3090
3092
3093
3094
3095
3097
3098
3248
3099
3100
3101
3102
3103
3104
3105
3106
3108
3107
3110
3109
3111
3112
3114
3113
3116
3115
3117
3118
3119
3120
3121
3122
3123
3124
3125
3126
3127
3128
3130
3131
3132
3133
3134
3135
3136
3137
3139
3146
3147
3148
3149
3150
3151
3152
3153
3155
3154
3156
3157
3158
3159
3160
3161
3162
3163
3164
3165
3166
3167
3168
3169
3170
3171
3173
3247
3174
3175
3176
3177
3178
3179
3180
3181
3182
3183
3185
3186
3187
3188
3189
3190
3192
3191
3193
3195
3194
3197
3196
3198
3199
3200
3201
3202
3205
3206
3207
3208
3210
3209
3211
3212
3213
3214
3215
3216
3217
3218
3219
3220
3221
3222
3223
3224
3225
3226
3227
3228
3229
3230
3231
3232
3233
3234
3235
3236
3237
3238
3239
3240
3241
3243
3244
3245
3246
3249
3250
3251
3252
3253
3254
3255
3256
3258
3257
3259
3260
3261
3262
3263
3264
3265
3266
3267
3269
3270
3271
3272
3273
3274
3275
3276
3278
3277
3279
3280
3281
3282
3283
3284
3285
3286
3287
3288
3290
3289
3292
3291
3294
3293
3295
3296
3297
3298
3299
3300
3301
3302
3303
3305
3304
3306
3307
3308
3309
3310
3311
3312
3313
3315
3314
3317
3316
3319
3318
3321
3320
3322
3323
3324
3325
3326
3327
3328
3329
3330
3331
3332
3333
3335
3334
3337
3336
3339
3338
3340
3341
3342
3343
3345
3344
3346
3347
3348
3349
3351
3350
3352
3353
3354
3355
3356
3357
3359
3358
3360
3361
3362
3363
3365
3364
3366
3367
3370
3369
3372
3371
3374
3373
3375
3376
3378
3377
3379
3380
3381
3382
3383
3384
3385
3386
3387
3388
3389
3390
3391
3392
3393
3394
3395
3396
3397
3399
3398
3400
3401
3403
3402
3404
3405
3406
3407
3408
3409
3410
3411
3412
3413
3414
3415
3416
3417
3418
3419
3420
3421
3422
3423
3424
3425
3427
3426
3429
3428
3430
3431
3432
3434
3433
3435
3436
3438
3439
3440
3441
3442
3443
3444
3445
3446
3448
3447
3449
3450
3451
3452
3453
3454
3455
3456
3457
3458
3459
3460
3461
3462
3463
3464
3465
3466
3828
3467
3468
3469
3470
3471
3472
3473
3474
3475
3476
3477
3478
3479
3480
3481
3482
3483
3484
3485
3486
3488
3487
3490
3489
3491
3492
3494
3493
3495
3496
3497
3498
3499
3500
3502
3501
3503
3504
3505
3506
3507
3508
3509
3511
3510
3512
3513
3515
3516
3518
3519
3521
3520
3522
3523
3524
3525
3526
3527
3528
3529
3530
3531
3532
3533
3534
3535
3536
3537
3538
3539
3540
3541
3542
3543
3544
3545
3546
3547
3548
3549
3550
3551
3552
3553
3554
3556
3558
3559
3560
3561
3563
3562
3564
3565
3566
3567
3568
3569
3570
3571
3572
3573
3575
3574
3577
3576
3579
3578
3581
3580
3583
3582
3584
3585
3586
3587
3588
3590
3591
3592
3593
3594
3596
3597
3598
3599
3600
3601
3602
3603
3604
3605
3606
3607
3608
3609
3610
3611
3612
3613
3615
3614
3616
3617
3619
3618
3620
3621
3622
3623
3624
3626
3625
3628
3627
3629
3630
3632
3631
3634
3633
3635
3636
3637
3638
3639
3640
3641
3642
3643
3645
3644
3646
3649
3648
3650
3651
3652
3653
3654
3655
3656
3657
3658
3660
3661
3662
3664
3665
3666
3667
3669
3668
3670
3671
3672
3673
3674
3675
3676
3677
3678
3679
3680
3681
3682
3683
3684
3685
3686
3687
3688
3689
3690
3692
3691
3693
3694
3695
3696
3697
3698
3699
3700
3701
3702
3704
3703
3705
3706
3707
3708
3709
3710
3712
3713
3714
3716
3715
3717
3718
3719
3720
3721
3722
3723
3724
3725
3726
3728
3727
3729
3731
3730
3732
3734
3736
3737
3740
3739
3741
3742
3743
3745
3744
3746
3747
3749
3748
3750
3751
3753
3752
3754
3755
3756
3757
3758
3759
3760
3761
3762
3763
3764
3765
3766
3767
3768
3770
3769
3771
3772
3774
3775
3777
3776
3778
3779
3780
3781
3783
3782
3784
3785
3786
3787
3788
3789
3790
3791
3792
3793
3794
3795
3796
3797
3799
3798
3800
3801
3802
3804
3803
3805
3806
3807
3808
3809
3810
3811
3813
3812
3814
3815
3817
3818
3819
3820
3821
3823
3822
3825
3824
3826
3827
3829
3831
3830
3832
3833
3834
3836
3835
3837
3838
3839
3840
3841
3842
3843
3844
3845
3847
3846
3848
3849
3851
3850
3852
3853
3854
3855
3856
3857
3858
3859
3860
3861
3862
3863
3865
3866
3868
3867
3869
3870
3871
3872
3873
3874
3876
3875
3878
3877
3880
3879
3881
3882
3884
3883
3885
3886
3887
3888
3889
3890
3891
3892
3893
3894
3895
3896
3897
3899
3898
3900
4199
3901
3903
3902
3905
3904
3906
3907
3908
3909
3910
3911
3912
3913
3914
3915
3916
3917
3919
3918
3921
3920
3922
3923
3924
3925
3927
3926
3929
3928
3930
3931
3932
3933
3934
3935
3936
3937
3938
3939
3941
3940
3942
3943
3944
3945
3947
3946
3948
3949
3950
3951
3952
3953
3954
3955
3956
3957
3959
3958
3960
3963
3962
3964
3965
3966
3967
3968
3969
3970
3971
3972
3973
3974
3975
3976
3977
3978
3979
3981
3980
3982
3983
3985
3986
3987
3988
3989
3990
3991
3992
3993
3994
3996
3997
3998
3999
4000
4001
4003
4002
4004
4005
4006
4007
4008
4009
4011
4012
4013
4014
4016
4015
4018
4017
4020
4019
4021
4022
4023
4024
4025
4026
4027
4028
4029
4030
4032
4031
4033
4034
4035
4036
4038
4037
4039
4040
4041
4043
4042
4045
4044
4047
4046
4048
4049
4050
4051
4053
4052
4054
4056
4057
4058
4060
4062
4061
4063
4064
4065
4066
4068
4067
4069
4070
4071
4072
4073
4074
4075
4077
4076
4078
4080
4079
4081
4082
4083
4084
4085
4086
4087
4088
4089
4090
4092
4091
4093
4094
4095
4096
4097
4098
4099
4100
4101
4102
4103
4104
4105
4106
4107
4108
4110
4109
4111
4112
4113
4114
4115
4116
4117
4118
4119
4120
4121
4122
4123
4125
4124
4127
4126
4128
4129
4130
4131
4132
4133
4134
4135
4136
4137
4139
4138
4141
4142
4140
4143
4144
4145
4146
4147
4148
4150
4149
4151
4152
4153
4154
4156
4155
4158
4157
4159
4160
4162
4161
4163
4164
4165
4166
4167
4168
4169
4170
4171
4172
4173
4174
4176
4175
4178
4177
4179
4180
4181
4182
4183
4184
4185
4186
4187
4188
4189
4191
4192
4193
4194
4196
4195
4197
4198
4200
4201
4202
4203
4205
4204
4206
4207
4208
4209
4210
4213
4212
4214
4215
4216
4218
4217
4219
4220
4222
4221
4223
4224
4225
4226
4227
4228
4230
4231
4232
4233
4234
4235
4236
4237
4238
4240
4241
4243
4242
4244
4245
4246
4247
4248
4250
4249
4251
4253
4252
4254
4255
4256
4257
4258
4260
4259
4261
4262
4263
4265
4264
4266
4267
4268
4270
4269
4272
4271
4273
4274
4275
4276
4277
4278
4279
4280
4281
4282
4283
4284
4286
4285
4287
4288
4289
4290
4291
4292
4293
4294
4295
4296
4297
4298
4299
4300
4302
4301
4304
4303
4305
4306
4307
4308
4309
4310
4311
4313
4314
4315
4316
4317
4320
4321
4318
4324
4323
4325
4326
4327
4328
4329
4330
4333
4334
4335
4336
4337
4338
4339
4340
4341
4342
4343
4417
4344
4345
4346
4347
4348
4349
4350
4352
4351
4354
4355
4356
4357
4359
4358
4360
4361
4362
4363
4365
4364
4367
4368
4369
4370
4371
4372
4373
4375
4374
4376
4378
4377
4380
4379
4381
4382
4383
4384
4385
4386
4387
4388
4389
4390
4392
4395
4394
4396
4397
4398
4399
4400
4401
4403
4404
4405
4408
4407
4409
4410
4411
4412
4413
4414
4415
4416
4418
4419
4420
4421
4422
4423
4425
4424
4426
4428
4427
4429
4430
4431
4432
4434
4433
4435
4436
4438
4437
4439
4440
4441
4442
4444
4443
4446
4445
4447
4448
4449
4450
4451
4452
4453
4455
4457
4456
4459
4458
4460
4461
4463
4462
4464
4465
4466
4467
4469
4470
4472
4471
4473
4474
4475
4476
4477
4478
4479
4480
4481
4482
4483
4484
4486
4487
4488
4489
4490
4491
4492
4493
4494
4495
4497
4496
4498
4499
4501
4502
4503
4504
4505
4506
4508
4507
4510
4511
4512
4513
4514
4515
4516
4517
4519
4518
4520
4521
4522
4523
4524
4525
4526
4527
4528
4529
4530
4531
4532
4533
4534
4535
4536
4545
4546
4548
4547
4549
4550
4551
4553
4552
4554
4555
4556
4558
4557
4559
4560
4562
4561
4564
4563
4565
4566
4568
4567
4569
4571
4572
4573
4575
4574
4576
4577
4579
4580
4582
4581
4583
4584
4585
4586
4588
4587
4590
4589
4591
4592
4593
4594
4595
4596
4597
4598
4601
4600
4603
4602
4604
4605
4606
4607
4608
4609
4611
4610
4612
4613
4614
4616
4617
4618
4619
4620
4621
4622
4623
4625
4624
4627
4626
4628
4629
4630
4631
4632
4634
4635
4633
4636
4637
4638
4639
4640
4641
4642
4643
4644
4645
4646
4647
4648
4649
4650
4652
4651
4653
4654
4655
4656
4657
4658
4659
4660
4661
4662
4663
4664
4666
4665
4667
4668
4669
4670
4671
4674
4673
4676
4675
4677
4678
4679
4680
4681
4683
4684
4685
4686
4687
4688
4689
4691
4690
4693
4692
4694
4695
4696
4697
4699
4698
4700
4701
4703
4702
4705
4704
4706
4707
4708
4709
4710
4855
4711
4712
4714
4715
1337
2564
4719
4718
4720
4721
4724
4725
4726
4727
4728
4729
4732
4730
4731
4733
4735
4736
4737
4738
4739
4740
4741
4742
4743
4744
4745
4746
4747
4748
4749
4750
4751
4752
4753
4754
4755
4756
4757
4758
4759
4760
4761
4762
4763
4764
4765
4766
4767
4770
4769
4771
4773
4772
4774
4777
4776
4778
4781
4780
4779
4734
4722
4782
4928
4785
4784
4786
4783
4787
4788
4789
4792
4791
4793
4794
4795
4797
4796
4798
4800
4799
4801
4802
4804
4803
4805
4806
4807
4808
4810
4809
4812
4811
4815
4814
4813
4816
4818
4819
4820
4822
4821
4823
4825
4824
4827
4826
4828
4830
4832
4841
4842
4817
4829
4790
4844
4843
4845
4846
4847
4848
4849
4851
4852
4850
4853
4857
4854
4856
4858
4859
4860
4861
4862
4863
4865
4864
4867
4868
4869
4866
4870
4871
4872
4873
4874
4875
4876
4877
4879
4880
4878
4882
4881
4883
4884
4885
4887
4886
4888
4889
4891
4890
4892
4894
4895
4896
4893
4897
4899
4898
4900
4901
4904
4902
4903
4905
4906
4908
4907
4909
4910
4911
4912
4914
4913
4916
4915
4917
4918
4920
4919
4921
4923
4922
4924
4925
4926
4927
4929
4930
4931
4932
4933
4934
4935
4937
4936
4938
4941
4939
4942
4943
4944
4945
4946
4947
4948
4949
4952
4951
4954
4953
4956
4955
4957
4958
4959
4960
4961
4964
4965
4966
4967
4968
4969
4970
4971
4972
4973
4974
4975
4976
4977
4978
4979
4980
4981
4982
4983
4984
4985
4987
4988
4989
4990
4991
4940
4950
4962
4994
4996
4997
4995
4998
5000
5001
5002
5004
5006
5005
5007
5008
5009
5010
5011
5012
5013
5014
5015
5016
5017
5019
5020
5021
5022
5023
5026
5028
5025
5027
5029
5030
5031
5032
5033
5034
5035
5036
5037
5038
5039
5040
5041
5042
5043
5044
5045
5047
5048
5046
5049
5050
5051
5053
5052
5054
5055
5057
5058
5056
5059
5060
5061
5063
5062
5064
5065
5066
5068
5067
5069
5070
5071
5072
5073
5074
5075
5077
5078
5079
5080
5081
5082
5083
5084
5085
5087
5088
5089
5091
5090
5092
5093
5094
5096
5095
5097
5098
5099
5101
5102
5104
5105
5103
5106
5107
5108
5110
5109
5111
5112
5113
5114
5116
5117
5118
5119
5120
5121
5122
5123
5125
5124
5126
5127
5128
5130
5129
5131
5132
5133
5134
5135
5136
5137
5138
5139
5142
5144
5143
5145
5146
5147
5149
5148
5150
5151
5152
5154
5153
5155
5156
5157
5159
5160
5158
5161
5164
5162
5165
5163
5166
5167
5168
5170
5169
5171
5175
5176
5174
5173
5177
5180
5179
5181
5182
5183
5185
5187
5184
5186
5188
5189
5190
5193
5192
5191
5194
5195
5197
5198
5200
5201
5202
5203
5204
5205
5206
5207
5209
5210
5211
5212
5213
5214
5215
5217
5216
5218
5219
5220
5221
5223
5222
5224
5225
5226
5227
5229
5228
5230
5231
5232
5234
5233
5235
5236
5237
5238
5239
5240
5241
5243
5242
5244
5245
5246
5248
5247
5249
5250
5251
5253
5252
5254
5255
5256
5258
5257
5260
5259
5261
5263
5262
5265
5264
5266
5267
5268
5269
5270
5271
5272
5273
5274
5275
5276
5277
5278
5279
5280
5281
5282
5283
5284
5285
5286
5497
5287
5288
5289
5290
5292
5293
5291
5294
5295
5296
5297
5298
5300
5299
5302
5303
5304
5305
5306
5308
5307
5309
5310
5311
5312
5313
5314
5315
5316
5317
5318
5319
5320
5321
5322
5323
5324
5325
5326
5327
5328
5329
5330
5331
5332
5333
5334
5335
5336
5337
5338
5340
5341
5339
5342
5343
5344
5345
5348
5347
5349
5350
5351
5352
5353
5354
5355
5358
5356
5357
5359
5360
5361
5362
5363
5364
5365
5366
5367
5368
5369
5370
5371
5372
5373
5374
5375
5376
5378
5377
5379
5380
5381
5382
5383
5384
5385
5386
5387
5388
5389
5391
5390
5392
5393
5394
5395
5396
5397
5399
5398
5401
5400
5402
5403
5404
5406
5407
5408
5410
5411
5412
5413
5414
5415
5416
5417
5418
5419
5420
5422
5421
5423
5424
5425
5426
5428
5427
5429
5430
5431
5432
5434
5433
5435
5436
5437
5438
5440
5439
5441
5442
5445
5444
5446
5447
5448
5449
5450
5452
5451
5453
5454
5455
5456
5458
5457
5459
5460
5461
5462
5463
5464
5465
5466
5467
5468
5469
5470
5471
5472
5473
5475
5474
5477
5478
5479
5482
5481
5483
5484
5485
5486
5487
5489
5488
5490
5491
5493
5492
5494
5495
5496
5499
5500
5501
5502
5503
5505
5504
5506
5507
5508
5510
5511
5512
5513
5514
5515
5516
5517
5518
5519
5520
5521
5522
5523
5524
5525
5526
5527
5528
5530
5529
5531
5532
5533
5534
5535
5536
5537
5538
5539
5540
5541
5542
5543
5544
5546
5545
5547
5548
5549
5550
5551
5552
5553
5554
5556
5557
5559
5561
5560
5562
5563
5566
5564
5565
5567
5568
5569
5570
5571
5572
5573
5574
5575
5576
5577
5578
5579
5580
5581
5582
5583
5584
5585
5586
5587
5588
5589
5591
5590
5592
5594
5593
5595
5597
5598
5599
5600
5601
5602
5604
5603
5605
5607
5606
5608
5609
5610
5612
5611
5614
5613
5617
5616
5615
5618
5619
5620
5621
5622
5623
5624
5625
5626
5627
5628
5629
5630
5631
5632
5633
5635
5636
5637
5638
5639
5640
5643
5641
5642
5644
5645
5646
5648
5647
5649
5650
5652
5651
5653
5654
5655
5657
5656
5659
5660
5658
5661
5662
5663
5664
5665
5667
5666
5668
5669
5670
5671
5672
5673
5676
5677
5675
5680
5679
5683
5681
5682
5684
5685
5686
5688
5687
5689
5690
5692
5691
5693
5694
5695
5696
5697
5698
5699
5700
5702
5703
5704
5705
5706
5707
5708
5709
5710
5712
5711
5713
5715
5714
5717
5718
5719
5720
5721
5722
5724
5723
5725
5726
5727
5728
5731
5730
5732
5733
5734
5735
5736
5737
5738
5739
5740
5741
5742
5743
5744
5745
5748
5747
5746
5749
5750
5751
5752
5754
5755
5756
5757
5758
5759
5760
5761
5763
5762
5766
5764
5767
5765
5768
5769
5771
5770
5772
5773
5774
5775
5776
5777
5778
5779
5781
5780
5782
5783
5784
5786
5785
5787
5788
5789
5790
5791
5792
5793
5794
5796
5795
5797
5798
5799
5802
5801
5803
5804
5805
5806
5807
5808
5809
5810
5811
5813
5812
5814
5818
5815
5816
5817
5819
5821
5822
5820
5824
5825
5826
5827
5828
5829
5832
5830
5831
5833
5834
5837
5838
5836
5835
5839
5841
5840
5843
5842
5844
5845
5846
5847
5850
5849
5851
5853
5855
5854
5856
5857
5858
5859
5860
5861
5862
5863
5864
5865
5866
5868
5867
5869
5870
5871
5873
5872
5874
5875
5876
5878
5879
5877
5880
5881
5883
5882
5884
5885
5886
5888
5887
5890
5889
5891
5892
5894
5893
5895
5896
5897
5898
5899
5900
5901
5902
5905
5904
5906
5908
5909
5910
5907
5911
5912
5914
5913
5916
5915
5917
5918
5919
5920
5922
5921
5923
5925
5924
5926
5930
5929
5928
5931
5932
5933
5935
5934
5937
5939
5938
5940
5941
5943
5944
5946
5945
5948
5950
5949
5952
5951
5953
5955
5954
5956
5957
5958
5959
5960
5962
5961
5963
5964
5965
5967
5966
5969
5968
5970
5971
5972
5974
5975
5977
5973
5978
5979
5981
5982
5980
5983
5984
5986
5987
5985
5988
5990
5991
5989
5992
5993
5996
5995
5994
5997
5998
5999
6000
6001
6003
6002
6004
6006
6007
6008
6005
6009
6010
6011
6012
6013
6014
6015
6016
6017
6018
6019
6020
6021
6022
6023
6024
6025
6026
6027
6028
6029
6030
6031
6032
6035
6033
6034
6036
6037
6038
6039
6040
6041
6042
6043
6044
6045
6046
6047
6050
6048
6049
6051
6052
6054
6053
6056
6057
6058
6679
6059
6060
6061
6062
6063
6064
6065
6068
6067
6069
6070
6071
6072
6073
6074
6078
6076
6077
6079
6080
6081
6083
6082
6084
6085
6086
6087
6089
6088
6090
6091
6094
6093
6092
6095
6098
6099
6096
6097
6100
6101
6105
6103
6102
6104
6106
6108
6107
6109
6110
6111
6114
6112
6113
6115
6116
6117
6119
6118
6120
6121
6122
6123
7743
6127
6126
6125
6128
6129
6130
6131
6132
6133
6134
6136
6137
6138
6140
6143
6144
6142
6145
6146
6149
6148
6151
6147
6150
6153
6154
6152
6155
6156
6157
6158
6159
6160
6161
6165
6162
6164
6166
6167
6169
6168
6170
6171
6172
6173
6174
6175
6176
6177
6178
6179
6180
6181
6182
6184
6185
6186
6187
6188
6190
6191
6192
6193
6194
6196
6195
6197
6200
6198
6199
6201
6202
6203
6204
6205
6207
6208
6206
6209
6210
6211
6212
6213
6214
6215
6216
6217
6219
6220
6221
6222
6223
6224
6225
6226
6227
6228
6229
6230
6231
6232
6233
6234
6235
6236
6237
6239
6240
6241
6242
6243
6244
6245
6246
6247
6248
6249
6250
6251
6252
6255
6254
6256
6257
6258
6259
6261
6263
6262
6264
6265
6266
6267
6268
6269
6270
6271
6272
6273
6274
6275
6276
6277
6278
6279
6280
6281
6282
6283
6284
6285
6286
6287
6288
6289
6290
6291
6292
6293
6294
6310
6345
6361
6366
6381
6383
6391
6389
6404
6415
6416
6417
6418
6419
6420
6421
6422
6424
6423
6426
6425
6428
6429
6430
6431
6432
6434
6433
6435
6436
6437
6438
6439
6441
6442
6443
6444
6445
6446
6447
6448
6449
6450
6451
6452
6453
6454
6455
6456
6457
6458
6459
6460
6461
6462
6463
6464
6465
6466
6467
6468
6469
6470
6471
6472
6473
6475
6474
6476
6477
6478
6480
6479
6481
6482
6484
6486
6487
6488
6489
6490
6491
6492
6493
6494
6495
6497
6496
6498
6499
6500
6501
6502
6503
6505
6504
6506
6507
6509
6508
6510
6511
6513
6512
6514
6515
6517
6516
6518
6520
6521
6523
6522
6524
6525
6527
6526
6529
6530
6531
6532
6533
6535
6536
6537
6538
6539
6540
6541
6542
6543
6544
6546
6547
6549
6550
6551
6553
6554
6555
6556
6557
6558
6559
6560
6561
6562
6564
6563
6565
6566
6569
6568
6567
6570
6571
6573
6572
6574
6576
6577
6575
6578
6579
6580
6581
6582
6583
6584
6585
6586
6588
6587
6589
6590
6593
6591
6592
6594
6596
6595
6597
6598
6600
6601
6599
6602
6604
6603
6605
6606
6607
6608
6610
6609
6612
6680
6613
6611
6615
6614
6616
6617
6619
6618
6620
6621
6622
6623
6624
6625
6626
6627
6629
6628
6630
6631
6633
6632
6634
6636
6637
6638
6639
6640
6641
6642
6643
6644
6645
6646
6647
6648
6649
6650
6651
6652
6653
6654
6656
6655
6657
6658
6659
6660
6661
6662
6663
6664
6665
6666
6667
6668
6669
6670
6671
6672
6673
6674
6675
6676
6677
6678
6682
6684
6683
6681
6685
6686
6688
6689
6687
6691
6690
6693
6692
6694
6695
6696
6697
6699
6701
6702
6700
6704
6705
6706
6703
6707
6710
6709
6708
6711
6712
6713
6714
6715
6716
6717
6719
6718
6720
6721
6723
6722
6724
6726
6727
6725
6729
6728
6731
6730
6733
6732
6735
6734
6737
6736
6738
6740
6742
6741
6743
6744
6746
6745
6747
6749
6748
6750
6751
6755
6753
6756
6757
6759
6758
6760
6761
6763
6762
6764
6765
6767
6768
6769
6770
6771
6772
6773
6774
6775
6776
6777
6778
6780
6781
6782
6783
6784
6785
6786
6787
6788
6789
6790
6791
6794
6792
6793
6797
6796
6798
6799
6801
6800
6802
6803
6806
6804
6805
6807
6809
6808
6810
6811
6812
6814
6813
6815
6816
6818
6817
6819
6820
6822
6821
6823
6824
6825
6826
6827
6828
6829
6830
6831
6832
6833
6834
6835
6836
6837
6838
6840
6839
6841
6843
6844
6845
6847
6846
6848
6849
6850
6851
6852
6853
6855
6854
6857
6856
6859
6858
6860
6863
6862
6865
6864
6866
6867
6869
6868
6870
6871
6872
6873
6874
6876
6875
6877
6878
6879
6880
6881
6882
6883
6884
6885
6886
6887
6888
6889
6890
6891
6892
6894
6896
6895
6897
6900
6898
6899
6901
6902
6903
6904
6905
6906
6908
6909
6910
6911
6912
6914
6913
6915
6916
6917
6918
6919
6920
6921
6922
6923
6924
6925
6926
6927
6928
6929
6930
6931
6933
6932
6934
6935
6936
6937
6938
6939
6941
6940
6942
6943
6945
6944
6946
6947
6950
6951
6949
6953
6952
6955
6954
6958
6957
6959
6961
6962
6963
6964
6965
6966
6967
6968
6970
6969
6973
6971
6974
6972
6976
6978
6977
6975
6979
6981
6980
6982
6983
6984
6985
6987
6986
6989
6988
6990
6991
6993
6992
6994
6995
6997
6996
6998
6999
7001
7000
7003
7004
7005
7006
7007
7008
7010
7009
7011
7012
7014
7013
7015
7032
7033
7034
7035
7036
7037
7038
7040
7039
7041
7042
7043
7044
7045
7046
7048
7047
7049
7050
7051
7052
7053
7075
7076
7077
7078
7079
7080
7082
7083
7084
7085
7086
7089
7088
7090
7094
7092
7093
7095
7097
7096
7098
7099
7100
7101
7102
7104
7105
7106
7107
7108
7109
7110
7111
7112
7113
7114
7115
7116
7118
7119
7120
7121
7122
7125
7123
7124
7126
7129
7128
7130
7131
7133
7132
7134
7135
7137
7136
7138
7139
7141
7140
7142
7143
7144
7145
7146
7147
7148
7149
7150
7151
7152
7153
7154
7156
7155
7157
7158
7160
7159
7162
7161
7164
7163
7165
7166
7168
7167
7170
7169
7171
7172
7173
7175
7174
7177
7178
7179
7180
7181
7183
7185
7187
7186
7188
7189
7190
7194
7192
7193
7195
7197
7199
7198
7200
7203
7201
7202
7204
7205
7208
7206
7209
7211
7212
7214
7213
7215
7216
7217
7218
7219
7220
7222
7224
7223
7225
7226
7227
7228
7229
7230
7231
7232
7233
7234
7235
7236
7238
7237
7239
7240
7241
7243
7244
7245
7246
7247
7248
7457
7249
7250
7251
7253
7255
7254
7256
7257
7258
7259
7260
7262
7261
7263
7264
7265
7266
7267
7268
7270
7269
7271
7273
7272
7274
7275
7277
7276
7278
7280
7279
7281
7282
7285
7283
7286
7287
7289
7288
7290
7291
7293
7292
7294
7295
7296
7297
7299
7298
7301
7300
7303
7302
7304
7305
7306
7307
7309
7308
7310
7311
7312
7313
7314
7315
7316
7318
7319
7320
7322
7323
7325
7324
7327
7326
7329
7328
7330
7331
7332
7333
7334
7335
7337
7338
7339
7340
7341
7342
7343
7344
7345
7346
7347
7348
7351
7349
7352
7353
7355
7354
7356
7357
7359
7360
7358
7361
7362
7363
7364
7365
7366
7368
7367
7369
7370
7372
7371
7374
7375
7377
7378
7379
7380
7381
7382
7384
7385
7671
7386
7387
7388
7389
7390
7391
7392
7394
7395
7396
7397
7398
7399
7400
7401
7404
7403
7405
7406
7407
7408
7409
7410
7411
7412
7413
7416
7418
7417
7419
7420
7421
7422
7423
7424
7425
7426
7427
7428
7430
7429
7431
7434
7432
7435
7433
7436
7437
7438
7439
7440
7441
7442
7443
7444
7446
7447
7445
7448
7449
7450
7451
7452
7453
7454
7455
7456
7458
7460
7459
7461
7462
7463
7464
7465
7466
7467
7469
7470
7471
7472
7473
7474
7475
7476
7477
7479
7478
7480
7481
7482
7483
7484
7485
7486
7487
7488
7489
7490
7492
7493
7491
7494
7496
7497
7498
7499
7501
7500
7502
7503
7504
7505
7506
7507
7508
7509
7510
7512
7511
7513
7516
7514
7515
7517
7518
7519
7520
7521
7522
7523
7524
7525
7813
7527
7528
7526
7530
7531
7532
7529
7533
7534
7535
7536
7537
7538
7539
7540
7541
7542
7543
7544
7545
7546
7547
7549
7550
7551
7552
7553
7555
7557
7556
7558
7559
7560
7561
7562
7563
7564
7565
7566
7568
7569
7570
7571
7572
7573
7574
7575
7578
7577
7579
7576
7580
7581
7583
7584
7585
7586
7587
7588
7590
7591
7589
7592
7594
7595
7596
7597
7600
7672
7601
7602
7603
7604
7605
7606
7607
7608
7609
7610
7611
7612
7614
7616
7618
7619
7620
7621
7622
7624
7625
7626
7627
7628
7629
7630
7631
7632
7633
7635
7634
7636
7637
7638
7639
7640
7641
7643
7645
7644
7646
7648
7649
7650
7651
7652
7653
7654
7655
7656
7657
7658
7660
7659
7661
7663
7662
7664
7665
7666
7667
7668
7669
7670
7673
7674
7675
7676
7677
7678
7680
7679
7681
7683
7684
7682
7685
7687
7686
7689
7688
7690
7691
7692
7693
7694
7696
7695
7698
7699
7700
7701
7702
7703
7704
7706
7708
7709
7710
7712
7711
7713
7714
7715
7716
7718
7719
7720
7722
7723
7724
7725
7726
7728
7729
7730
7731
7732
7733
7736
7735
7734
7739
7738
7737
7740
7741
7744
7745
7746
7747
7748
7749
7750
7753
7752
7754
7755
7756
7757
7758
7759
7760
7761
7762
7763
7764
7765
7767
7768
7769
7770
7771
7772
7773
7774
7775
7776
7777
7778
7779
7780
7781
7782
7783
7784
7785
7786
7787
7788
7789
7790
7792
7791
7793
7794
7795
7796
7797
7798
7799
7800
7801
7802
7803
7804
7805
7806
7808
7807
7809
7810
7811
7814
7816
7815
7817
7819
7821
7822
7823
7824
7825
7826
7827
7828
7829
7830
7831
7832
7833
7834
7835
7836
7837
7839
7838
7840
7841
7842
7843
7844
7846
7847
7848
7849
7851
7852
7853
7854
7855
7857
7856
7858
7859
7861
7862
7863
7864
7865
7866
7867
7869
7868
7870
7872
7871
7873
7875
7874
7876
7877
7878
7879
7880
8025
7881
7882
7883
7884
7885
7887
7886
7888
7889
7890
7896
7906
7908
7907
7909
7910
7911
7913
7912
7914
7915
7916
7919
7920
7921
7923
7924
7926
7925
7927
7929
7928
7930
7931
7933
7934
7935
7936
7937
7938
7939
7941
7942
7943
7944
7945
7946
7947
7948
7950
7951
7952
7953
7954
7955
7956
7957
7958
7959
7961
7960
7962
7964
7963
7965
7966
7967
7968
7969
7970
7972
7971
7973
7974
7976
7977
7978
7979
7980
7981
7982
7983
7984
7985
7986
7987
7988
7989
7990
7991
7993
7994
7995
7996
7997
7998
7999
8000
8001
8002
8004
8005
8006
8007
8010
8009
8011
8013
8012
8014
8016
8015
8017
8019
8018
8020
8022
8023
8024
8026
8027
8028
8030
8029
8031
8032
8033
8034
8036
8037
8039
8038
8040
8041
8043
8042
8044
8045
8046
8047
8049
8048
8050
8052
8051
8053
8054
8055
8056
8057
8058
8059
8061
8060
8062
8063
8064
8065
8066
8067
8068
8069
8070
8071
8072
8073
8076
8077
8075
8080
8079
8078
8081
8082
8083
8084
8085
8086
8087
8089
8090
8091
8092
8093
8094
8096
8097
8098
8099
8101
8100
8102
8103
8104
8105
8107
8106
8108
8110
8109
8111
8112
8113
8114
8115
8116
8117
8118
8119
8120
8121
8122
8123
8124
8125
8126
8127
8129
8128
8130
8131
8132
8133
8134
8135
8136
8137
8138
8139
8140
8141
8142
8143
8144
8145
8146
8147
8148
8149
8150
8151
8152
8154
8155
8156
8157
8159
8160
8161
8162
8163
8164
8165
8167
8166
8168
8170
8169
8171
8172
8173
8174
8175
8176
8177
8178
8179
8181
8182
8183
8184
8185
8186
8187
8188
8189
8191
8192
8193
8194
8195
8196
8197
8198
8200
8199
8201
8202
8203
8204
8206
8205
8207
8208
8210
8211
8212
8213
8214
8215
8216
8217
8218
8219
8220
8221
8223
8224
8222
8225
8227
8226
8228
8229
8230
8231
8232
8233
8234
8235
8236
8238
8237
8239
8240
8241
8243
8245
8244
8246
8248
8247
8249
8251
8253
8252
8254
8255
8256
8258
8259
8260
8261
8262
8263
8264
8265
8267
8266
8268
8269
8270
8271
8272
8273
8274
8275
8277
8278
8279
8280
8281
8282
8283
8285
8284
8286
8287
8288
8290
8289
8291
8293
8295
8296
8298
8297
8299
8300
8302
8303
8304
8307
8306
8308
8310
8309
8311
8312
8314
8313
8316
8317
8315
8318
8319
8320
8322
8321
8323
8324
8325
8326
8328
8327
8329
8331
8330
8332
8333
8334
8335
8336
8337
8338
8339
8340
8341
8343
8344
8342
8345
8346
8347
8350
8349
8348
8351
8352
8353
8354
8355
8356
8357
8358
8359
8360
8361
8362
8364
8365
8363
8366
8367
8368
8370
8369
8371
8372
8374
8373
8376
8375
8379
8380
8381
8382
8383
8384
8385
8386
8387
8388
8389
8390
8391
8392
8393
8394
8396
8397
8398
8399
8401
8402
8403
8404
8406
8405
8407
8409
8408
8410
8411
8412
8413
8415
8414
8416
8417
8418
8419
8421
8420
8422
8423
8424
8425
8427
8426
8428
8429
8430
8431
8432
8433
8434
8435
8436
8437
8439
8438
8440
8441
8442
8443
8444
8445
8446
8447
8593
8448
8449
8451
8450
8453
8452
8454
8455
8457
8456
8460
8459
8461
8462
8463
8464
8465
8467
8466
8468
8470
8469
8471
8473
8472
8474
8475
8476
8478
8477
8479
8480
8481
8482
8483
8484
8485
8486
8487
8488
8489
8490
8491
8492
8493
8494
8495
8496
8497
8498
8499
8500
8501
8502
8504
8503
8505
8506
8507
8508
8510
8509
8511
8512
8513
8514
8515
8516
8517
8519
8518
8520
8521
8522
8523
8525
8524
8527
8528
8526
8531
8529
8530
8533
8532
8534
8535
8536
8537
8538
8539
8540
8541
8542
8543
8544
8545
8546
8547
8549
8548
8550
8551
8552
8553
8555
8554
8556
8557
8558
8559
8560
8561
8562
8563
8564
8565
8566
8567
8568
8569
8570
8571
8572
8573
8574
8575
8576
8577
8578
8579
8580
8581
8582
8583
8584
8586
8587
8588
8589
8591
8590
8592
8594
8595
8596
8597
8598
8599
8600
8601
8602
8603
8604
8605
8606
8607
8608
8609
8611
8610
8612
8613
8614
8616
8615
8617
8619
8618
8620
8621
8622
8623
8624
8625
8626
8627
8628
8629
8630
8632
8631
8633
8634
8635
8636
8637
8638
8639
8640
8641
8642
8643
8644
8645
8646
8647
8648
8649
8650
8651
8652
8653
8654
8656
8659
8657
8658
8660
8661
8662
8663
8664
8665
8666
8668
8669
8670
8671
8672
8673
8674
8675
8676
8678
8679
8680
8681
8682
8683
8684
8685
8686
8687
8688
8689
8690
8691
8692
8693
8694
8695
8697
8696
8699
8701
8700
8703
8702
8704
8707
8706
8705
8708
8710
8709
8712
8713
8714
8715
8717
8718
8716
8719
8720
8721
8723
8724
8725
8726
8727
8728
8729
8730
8731
8732
8733
8735
8734
8736
8737
8738
8741
8740
8742
8744
8743
8745
8746
8747
8748
8749
8750
8751
8752
8753
8754
8755
8756
8758
8759
8761
8762
8763
8764
8765
8766
8767
8769
8770
8771
8772
8773
8774
8776
8777
8780
8779
8781
8783
8784
8782
8785
8787
8786
8789
8790
8793
8792
8794
8795
8796
8797
8798
8799
8800
8801
8802
8803
8804
8805
8806
8807
8808
8809
8810
8944
8811
8812
8813
8814
8815
8816
8817
8818
8819
8820
8821
8823
8824
8825
8826
8827
8828
8832
8831
8830
8833
8835
8836
8837
8838
8840
8841
8842
8843
8844
8845
8846
8847
8848
8851
8853
8855
8854
8856
8857
8858
8859
8860
8861
8862
8863
8864
8865
8866
8868
8869
8870
8871
8872
8874
8873
8875
8876
8877
8878
8945
8879
8880
8881
8883
8886
8885
8889
8888
8890
8891
8892
8893
8894
8896
8895
8897
8898
8899
8900
8901
8902
8905
8904
8903
8908
8906
8907
8911
8909
8910
8912
8914
8913
8916
8915
8917
8920
8919
8918
8921
8923
8922
8925
8924
8926
8928
8927
8929
8930
8932
8931
8933
8934
8935
8937
8936
8939
8941
8942
8943
8946
8947
8948
8949
8950
8951
8952
8953
8954
8955
8957
8958
8959
8961
8960
8962
8963
8964
8965
8966
8967
8968
8970
8971
8972
8973
8975
8976
8977
8978
8980
8981
8982
8983
8984
8986
8985
8988
8990
8991
8992
8994
8993
8995
8996
8997
8998
8999
9000
9002
9001
9003
9005
9004
9006
9008
9007
9009
9010
9011
9012
9013
9014
9015
9090
9017
9016
9018
9020
9019
9021
9022
9023
9024
9025
9026
9027
9028
9029
9030
9031
9032
9033
9035
9036
9037
9038
9039
9040
9041
9044
9042
9045
9046
9047
9048
9049
9050
9051
9052
9053
9054
9055
9056
9057
9058
9059
9060
9062
9061
9063
9064
9065
9066
9067
9068
9069
9070
9071
9073
9075
9074
9076
9077
9078
9079
9081
9080
9082
9083
9084
9085
9086
9088
9087
9089
9092
9091
9095
9093
9094
9096
9097
9100
9102
9101
9103
9104
9105
9106
9107
9108
9109
9110
9111
9112
9113
9114
9115
9116
9117
9118
9119
9120
9121
9122
9123
9125
9124
9126
9129
9127
9128
9130
9131
9132
9133
9134
9135
9136
9137
9138
9139
9140
9141
9142
9143
9144
9145
9147
9148
9149
9150
9151
9152
9153
9154
9155
9156
9157
9158
9159
9160
9161
9163
9162
9164
9166
9165
9167
9168
9169
9170
9171
9172
9173
9174
9175
9176
9178
9177
9179
9180
9181
9182
9183
9184
9185
9187
9186
9188
9189
9191
9192
9194
9193
9195
9196
9197
9198
9199
9200
9201
9202
9203
9204
9205
9206
9207
9208
9209
9211
9213
9212
9214
9216
9215
9217
9218
9219
9220
9221
9222
9223
9224
9225
9229
9228
9230
9231
9232
9233
9234
9235
9236
9237
9238
9239
9240
9241
9242
9243
9244
9245
9246
9247
9248
9250
9249
9251
9252
9253
9254
9256
9255
9257
9258
9259
9260
9262
9261
9263
9264
9265
9266
9267
9268
9270
9269
9271
9272
9273
9275
9277
9278
9279
9280
9282
9281
9283
9284
9285
9286
9287
9288
9289
9290
9291
9292
9293
9294
9295
9296
9297
9298
9300
9299
9301
9302
9303
9305
9306
9307
9308
9309
9310
9311
9312
9314
9315
9316
9317
9318
9319
9320
9321
9322
9323
9324
9325
9327
9326
9328
9329
9330
9331
9333
9332
9334
9335
9336
9337
9338
9339
9340
9341
9342
9343
9344
9346
9348
9350
9349
9351
9352
9353
9355
9354
9356
9359
9358
9357
9360
9361
9362
9364
9363
9368
9366
9367
9371
9372
9373
9374
9376
9375
9377
9378
9379
9380
9382
9381
9383
9385
9384
9386
9388
9389
9390
9391
9392
9393
9394
9395
9396
9397
9398
9400
9401
9402
9403
9404
9405
9406
9407
9408
9409
9410
9411
9412
9414
9413
9415
9417
9416
9418
9419
9421
9422
9423
9424
9425
9426
9429
9430
9428
9431
9432
9433
9434
9435
9437
9438
9439
9440
9441
9442
9443
9445
9444
9446
9447
9448
9449
9451
9450
9453
9454
9456
9457
9459
9461
9460
9462
9464
9463
9465
9467
9466
9469
9468
9470
9471
9472
9473
9474
9475
9476
9477
9478
9479
9480
9481
9482
9484
9483
9485
9486
9487
9488
9489
9492
9491
9493
9494
9495
9496
9498
9497
9501
9499
9500
9502
9503
9504
9507
9506
9508
9509
9510
9512
9511
9513
9515
9517
9514
9518
9519
9520
9524
9522
9523
9527
9525
9528
9529
9530
9531
9533
9534
9535
9536
9537
9538
9539
9540
9541
9542
9543
9544
9545
9546
9547
9548
9549
9550
9551
9552
9554
9553
9555
9556
9557
9558
9559
9560
9561
9562
9563
9564
9565
9566
9567
9568
9569
9570
9571
9572
9573
9575
9574
9577
9578
9579
9580
9582
9583
9584
9585
9586
9587
9589
9588
9590
9591
9592
9593
9594
9595
9597
9598
9599
9600
9602
9601
9603
9605
9604
9606
9607
9608
9609
9610
9611
9612
9613
9614
9615
9616
9617
9618
9619
9620
9622
9623
9624
9625
9626
9627
9628
9629
9630
9631
9632
9633
9634
9635
9636
9637
9638
9639
9640
9641
9643
9642
9644
9645
9646
9647
9648
9649
9650
9651
9652
9654
9655
9656
9657
9659
9660
9661
9662
9663
9664
9665
9666
9667
9669
9668
9670
9671
9672
9674
9675
9676
9677
9678
9679
9681
9680
9682
9683
9684
9685
9686
9687
9688
9689
9690
9691
9692
9693
9694
9695
9696
9697
9698
9699
9700
9701
9702
9703
9704
9705
9706
9707
9708
9709
9710
9711
9712
9713
9714
9715
9716
9717
9718
9719
9720
9721
9722
9723
9724
9725
9726
9728
9727
9729
9730
9733
9732
9734
9735
9736
9737
9738
9739
9740
9741
9742
9744
9745
9746
9747
9748
9749
9752
9751
9753
9754
9755
9756
9757
9758
9759
9760
9761
9762
9763
9764
9765
9766
9767
9768
9769
9770
9771
9772
9773
9774
9775
9776
9777
9778
9779
9780
9781
9782
9783
9784
9785
9786
9787
9788
9790
9791
9792
9793
9795
9796
9797
9799
9800
9801
9803
9804
9805
9807
9808
9809
9810
9811
9812
9813
9814
9815
9816
9817
9818
9820
9819
9821
9822
9823
9824
9826
9825
9827
9829
9828
9830
9831
9832
9833
9835
9834
9836
9838
9839
9840
9841
9842
9843
9844
9845
9846
9847
9848
9849
9850
9851
9852
9853
9854
9856
9855
9857
9858
9859
9860
9861
9862
9863
9864
9865
9866
9868
9867
9869
9871
9870
9873
9874
9872
9876
10214
9875
9877
9879
9878
9880
9882
9881
9883
9885
9887
9888
9886
9891
9889
9890
9893
9892
9894
9895
9896
9897
9898
9899
9900
9901
9903
9902
9904
9905
9906
9907
9909
9908
9910
9911
9912
9913
9914
9915
9917
9916
9918
9920
9919
9921
9923
9922
9924
9926
9925
9927
9929
9928
9930
9932
9931
9933
9935
9936
9934
9938
9939
9940
9941
9937
9942
9943
9944
9945
9946
9948
9949
9950
9951
9953
9954
9955
9956
9957
9958
9959
9960
9961
9962
9963
9964
9966
9967
9968
9970
9969
9971
9972
9973
9974
9975
9976
9977
9978
9979
9983
9982
9984
9986
9985
9988
9990
9989
9991
9993
9992
9994
9995
9996
9997
9998
9999
10001
10000
10002
10004
10003
10005
10006
10008
10007
10009
10011
10012
10013
10014
10016
10015
10018
10017
10019
10020
10021
10022
10023
10024
10025
10026
10027
10028
10029
10030
10031
10033
10032
10036
10035
10034
10037
10038
10039
10040
10042
10041
10044
10045
10043
10046
10048
10047
10049
10050
10051
10052
10053
10054
10057
10058
10060
10059
10061
10062
10063
10064
10066
10065
10068
10067
10069
10071
10072
10070
10073
10074
10077
10076
10215
10079
10080
10081
10082
10083
10084
10085
10086
10087
10088
10089
10091
10093
10092
10094
10095
10096
10097
10099
10098
10100
10102
10101
10103
10104
10105
10106
10107
10108
10110
10111
10112
10113
10114
10115
10116
10117
10118
10120
10119
10121
10122
10124
10125
10126
10128
10129
10131
10130
10132
10133
10134
10135
10138
10136
10137
10140
10141
10139
10142
10143
10216
10144
10145
10146
10147
10148
10149
10151
10150
10152
10153
10154
10155
10156
10157
10158
10159
10160
10161
10163
10162
10164
10165
10166
10168
10170
10169
10167
10171
10172
10173
10174
10175
10176
10177
10178
10180
10181
10182
10183
10184
10185
10186
10187
10188
10190
10189
10191
10193
10192
10194
10196
10197
10195
10198
10199
10200
10201
10203
10204
10202
10205
10206
10207
10208
10209
10210
10211
10212
10213
10217
10218
10219
10220
10221
10222
10223
10224
10225
10226
10227
10228
10229
10230
10231
10232
10233
10234
10235
10236
10237
10239
10238
10240
10242
10241
10243
10244
10245
10246
10269
10270
10271
10272
10273
10274
10275
10276
10277
10282
10280
10281
10284
10352
10283
10285
10286
10287
10288
10289
10290
10291
10293
10292
10294
10297
10296
10298
10299
10301
10300
10302
10303
10304
10305
10306
10307
10308
10309
10310
10311
10312
10313
10315
10314
10316
10317
10318
10319
10320
10321
10322
10323
10324
10325
10327
10326
10328
10330
10329
10331
10332
10333
10334
10335
10336
10338
10337
10339
10340
10341
10342
10343
10347
10348
10349
10353
10355
10354
10356
10357
10358
10359
10360
10361
10362
10363
10364
10365
10366
10367
10368
10370
10369
10371
10372
10374
10377
10379
10380
10381
10382
10383
10385
10386
10387
10389
10388
10390
10391
10392
10394
10395
10396
10397
10399
10401
10402
10403
10404
10405
10406
10408
10407
10409
10411
10410
10412
10413
10414
10415
10416
10417
10418
10419
10421
10422
10423
10424
10425
10426
10427
10429
10431
10430
10432
10433
10434
10435
10436
10437
10438
10440
10439
10441
10442
10443
10444
10446
10445
10447
10448
10449
10450
10451
10452
10454
10455
10456
10457
10458
10459
10460
10462
10461
10463
10465
10464
10466
10468
10467
10469
10471
10472
10473
10474
10475
10476
10477
10478
10479
10481
10482
10483
10484
10485
10486
10488
10487
10489
10490
10492
10493
10494
10495
10496
10497
10498
10499
10500
10501
10502
10503
10504
10505
10506
10508
10507
10509
10510
10511
10512
10513
10514
10515
10516
10519
10518
10520
10521
10523
10524
10525
10526
10527
10528
10530
10532
10531
10533
10534
10535
10536
10537
10538
10539
10540
10541
10544
10543
10545
10546
10547
10548
10549
10551
10552
10553
10555
10556
10554
10557
10559
10558
10560
10561
10562
10563
10564
10565
10567
10566
10569
10571
10570
10572
10574
10573
10575
10577
10576
10578
10580
10579
10581
10583
10582
10584
10585
10586
10587
10588
10589
10590
10592
10593
10594
10595
10596
10597
10598
10599
10600
10601
10602
10603
10604
10605
10606
10609
10608
10610
10611
10614
10613
10615
10616
10617
10618
10619
10620
10621
10622
10624
10623
10626
10625
10627
10629
10628
10630
10631
10632
10633
10636
10634
10635
10637
10639
10638
10640
10641
10642
10643
10645
10644
10646
10647
10648
10649
10650
10653
10654
10657
10656
10658
10660
10659
10661
10662
10663
10664
10665
10666
10667
10668
10669
10670
10671
10672
10673
10674
10675
10676
10678
10677
10679
10680
10681
10682
10683
10684
10685
10686
10687
10688
10689
10690
10692
10693
10694
10695
10697
10696
10698
10699
10700
10701
10702
10703
10704
10706
10705
10707
10708
10709
10710
10712
10711
10713
10714
10715
10716
10717
10719
10718
10722
10720
10721
10724
10723
10725
10727
10726
10728
10729
10730
10731
10732
10733
10734
10735
10736
10737
10739
10740
10738
10741
10742
10743
10745
10744
10746
10748
10747
10749
10751
10750
10752
10753
10754
10755
10757
10756
10758
10759
10760
10761
10762
10763
10764
10765
10766
10768
10769
10770
10772
10771
10774
10775
10776
10777
10778
10779
10780
10781
10783
10784
10785
10788
10786
10787
10791
10789
10790
10792
10793
10794
10795
10796
10797
10798
10799
10800
10801
10802
10803
10804
10805
10806
10807
10808
10809
10810
10811
10812
10813
10814
10816
10817
10818
10819
10820
10821
10822
10823
10824
10825
10826
10827
10828
10829
10830
10831
10832
10833
10834
10835
10837
10836
10838
10839
10840
10841
10842
10843
10845
10844
10846
10847
10849
10848
10851
10850
10852
10853
10855
10854
10856
10857
10858
10859
10860
10861
10862
10863
10864
10865
10866
10867
10868
10870
10869
10871
10872
10874
10873
10875
10876
10878
10877
10879
10881
10882
10883
10884
10885
10886
10887
10888
10889
10890
10891
10892
10894
10893
10895
10896
10897
10898
10899
10900
10901
10902
10903
10904
10905
10906
10907
10908
10909
10910
10911
10912
10915
10914
10916
10917
10918
10919
10920
10921
10922
10923
10924
10925
10926
10927
10928
10929
10930
10931
10932
10933
10935
10934
10936
10937
10938
10939
10940
10941
10942
10943
10944
10945
10946
10947
10948
10949
10950
10951
10952
10953
10954
10955
10956
10957
10958
10959
10960
10962
10961
10963
10964
10965
10966
10967
10968
10969
10970
10971
10973
10972
10974
10975
10976
10977
10978
10979
10980
10981
10983
10984
10985
10986
10987
10988
10989
10990
10991
10992
10993
10994
10995
10996
10997
10998
10999
11000
11001
11002
11003
11004
11005
11006
11007
11008
11009
11010
11011
11012
11013
11014
11015
11016
11017
11018
11019
11021
11020
11022
11023
11024
11025
11026
11028
11029
11030
11031
11032
11034
11035
11036
11037
11038
11039
11040
11041
11042
11043
11045
11044
11046
11047
11048
11049
11050
11051
11052
11053
11054
11055
11058
11057
11059
11060
11062
11061
11064
11065
11066
11067
11068
11069
11070
11071
11072
11073
11074
11075
11077
11076
11079
11078
11081
11080
11083
11082
11084
11085
11086
11087
11089
11088
11091
11090
11093
11092
11095
11094
11096
11097
11098
11099
11101
11100
11102
11103
11104
11105
11106
11107
11108
11109
11111
11110
11113
11112
11115
11114
11117
11118
11119
11120
11121
11122
11123
11124
11126
11127
11128
11129
11130
11131
11133
11132
11134
11135
11136
11137
11139
11138
11141
11142
11143
11145
11146
11147
11148
11150
11151
11152
11153
11154
11155
11157
11158
11159
11160
11161
11162
11163
11406
11192
11193
11194
11195
11196
11197
11198
11199
11200
11201
11203
11202
11205
11204
11206
11207
11208
11209
11210
11211
11212
11213
11215
11214
11216
11217
11218
11219
11221
11220
11222
11223
11224
11225
11226
11228
11229
11230
11231
11232
11233
11234
11236
11237
11240
11239
11242
11244
11245
11246
11248
11247
11250
11251
11252
11253
11254
11255
11256
11260
11261
11262
11263
11265
11264
11267
11266
11268
11269
11271
11270
11272
11273
11274
11275
11276
11277
11278
11279
11280
11281
11282
11283
11284
11285
11286
11287
11293
11294
11295
11297
11298
11299
11300
11301
11302
11307
11308
11309
11310
11311
11312
11313
11314
11315
11316
11318
11319
11320
11321
11322
11323
11324
11325
11326
11327
11328
11329
11330
11331
11332
11333
11334
11335
11336
11337
11338
11339
11340
11341
11342
11344
11345
11347
11346
11348
11349
11351
11350
11352
11353
11354
11355
11357
11356
11359
11358
11361
11362
11363
11364
11365
11366
11367
11368
11369
11370
11371
11372
11374
11373
11375
11376
11377
11378
11379
11380
11381
11382
11383
11384
11385
11386
11387
11388
11389
11391
11392
11395
11396
11397
11398
11399
11400
11401
11402
11403
11404
11405
11407
11408
11409
11410
11411
11412
11413
11414
11415
11416
11417
11419
11418
11420
11421
11422
11423
11424
11425
11426
11427
11428
11429
11430
11431
11432
11433
11434
11435
11436
11437
11438
11439
11440
11441
11442
11443
11445
11447
11448
11449
11450
11452
11453
11454
11455
11456
11457
11459
11458
11460
11461
11462
11463
11464
11465
11466
11467
11468
11470
11471
11472
11473
11474
11475
11476
11477
11479
11480
11482
11483
11484
11485
11486
11487
11488
11489
11490
11491
11492
11494
11495
11496
11497
11498
11499
11500
11501
11503
11502
11505
11504
11507
11506
11508
11510
11511
11513
11514
11515
11516
11517
11518
11519
11520
11521
11522
11524
11523
11525
11526
11527
11528
11529
11530
11531
11532
11533
11534
11535
11536
11537
11538
11539
11540
11541
11542
11543
11545
11544
11547
11546
11548
11549
11550
11551
11553
11552
11554
11555
11557
11556
11559
11558
11560
11561
11563
11562
11564
11565
11567
11566
11568
11569
11570
11571
11572
11573
11575
11574
11577
11576
11578
11579
11581
11580
11583
11582
11585
11584
11586
11587
11589
11588
11590
11591
11593
11594
11595
11596
11597
11598
11600
11601
11602
11603
11604
11605
11606
11607
11608
11610
11611
11612
11613
11614
11615
11616
11617
11618
11619
11620
11621
11622
11623
11624
11626
11625
11628
11629
11630
11631
11632
11633
11634
11635
11636
11637
11638
11639
11640
6189
7599
7617
8655
9043
9365
9532
9673
10378
10491
10815
11317
11641
11642
11643
11644
11645
11646
11647
11648
11649
11650
11652
11651
11653
11654
11655
11656
11657
11658
11659
11660
11661
11662
11663
11664
11666
11668
11670
11669
11671
11672
11673
11674
11675
11677
11678
11679
11681
11680
11682
11683
11684
11685
11687
11686
11688
11689
11690
11691
11692
11694
11693
11695
11697
11698
11699
11700
11701
11702
11703
11704
11705
11706
11707
11708
11710
11711
11709
11713
11715
11714
11716
11717
11718
11719
11720
11721
11722
11723
11724
11725
11727
11726
11728
11729
11730
11731
11732
11733
11734
11736
11739
11738
11737
11740
11741
11742
11745
11744
11743
11746
11747
11748
11749
11750
11751
11753
11752
11754
11755
11757
11758
11759
11756
11761
11762
11760
11763
11765
11764
11768
11766
11769
11770
11767
11771
11772
11773
11776
11774
11777
11778
11779
11782
11780
11781
11783
11784
11785
11786
11788
11787
11789
11790
11791
11792
11794
11793
11795
11796
11797
11799
11798
11801
11800
11802
11803
11804
11805
11806
11807
11808
11809
11810
11811
11812
11813
11814
11815
11816
11818
11817
11819
11820
11821
11823
11822
11824
11825
11826
11827
11830
11831
11829
11833
11834
11836
11837
11835
11838
11839
11840
11841
11843
11842
11845
11844
11846
11848
11849
11847
11850
11851
11852
11855
11854
11853
11856
11858
11859
11860
11862
11861
11863
11864
11865
11866
11867
11868
11869
11870
11871
11873
11875
11874
11872
11876
11877
11878
11879
11880
11882
11883
11884
11886
11887
11889
11888
11890
11892
11893
11896
11894
11895
11897
11899
11901
11900
11902
11903
11904
11905
11907
11906
11908
11909
11910
11911
11914
11913
11912
11915
11916
11917
11918
11921
11919
11922
11920
11923
11924
11927
11926
11928
11929
11930
11931
11932
11933
11934
11935
11936
11937
11938
11939
11940
11941
11942
11943
11944
11946
11945
11947
11948
11949
11950
11951
11952
11954
11955
11956
11957
11958
11960
11959
11961
11962
11963
11964
11966
11965
11967
11969
11970
11971
11972
11973
11974
11975
11976
11980
11978
11982
11984
11983
11985
11986
11988
11990
11991
11992
11989
11993
11994
11995
11998
11997
11996
11999
12000
12003
12004
12005
12006
12007
12008
12009
12010
12011
12012
12013
12014
12015
12016
12017
12018
12019
12020
12021
12022
12023
12024
12026
12027
12028
12025
12029
12030
12031
12032
12033
12035
12034
12036
12037
12039
12038
12040
12041
12042
12043
12044
12045
12046
12047
12050
12049
12051
12053
12052
12054
12056
12055
12057
12058
12059
12060
12062
12061
12063
12064
12065
12067
12066
12068
12069
12070
12071
12072
12073
12074
12075
12076
12077
12078
12080
12079
12082
12081
12083
12084
12086
12085
12087
12088
12089
12090
12092
12091
12093
12094
12095
12096
12098
12099
12100
12101
12102
12105
12104
12107
12106
12108
12109
12110
12112
12113
12114
12111
12115
12116
12117
12118
12121
12119
12120
12123
12122
12124
12126
12125
12127
12129
12128
12130
12132
12131
12133
12136
12135
12137
12134
12141
12140
12138
12139
12142
12143
12144
12147
12145
12146
12148
12149
12150
12151
12152
12153
12154
12156
12157
12158
12159
12160
12162
12163
12164
12165
12166
12167
12168
12169
12170
12172
12173
12175
12177
12176
12178
12179
12180
12182
12183
12184
12186
12185
12187
12188
12189
12190
12191
12193
12192
12194
12195
12196
12197
12198
12199
12200
12201
12202
12204
12203
12205
12206
12207
12209
12210
12208
12211
12212
12213
12216
12215
12217
12218
12219
12221
12222
12224
12225
12223
12227
12226
12228
12229
12231
12230
12232
12234
12233
12237
12236
12235
12240
12238
12239
12241
12242
12243
12244
12245
12246
12247
12248
12249
12251
12250
12253
12252
12254
12257
12256
12258
12260
12261
12259
12263
12262
12265
12264
12266
12267
12268
12270
12271
12272
12273
12274
12275
12278
12277
12276
12280
12279
12281
12284
12283
12282
12285
12286
12287
12289
12290
12288
12291
12292
12294
12298
12296
12299
12300
12301
12303
12304
12305
12306
12307
12308
12309
12311
12310
12312
12313
12314
12315
12316
12317
12318
12320
12319
12323
12321
12322
12324
12326
12325
12327
12329
12328
12330
12333
12332
12331
12334
12335
12336
12337
12338
12340
12341
12343
12345
12344
12342
12346
12347
12348
12349
12351
12352
12353
12354
12355
12356
12357
12358
12359
12360
12362
12363
12364
12365
12366
12367
12368
12369
12370
12372
12371
12373
12374
12375
12376
12377
12378
12379
12381
12380
12382
12384
12385
12383
12386
12387
12389
12390
12391
12392
12393
12394
12395
12397
12396
12398
12399
12400
12401
12402
12403
12405
12404
12407
12408
12409
12410
12412
12411
12413
12414
12415
12416
12417
12418
12419
12422
12420
12421
12423
12424
12425
12426
12428
12429
12427
12430
12432
12431
12433
12434
12435
12438
12437
12439
12441
12440
12442
12445
12444
12443
12446
12447
12448
12450
12451
12453
12449
12454
12455
12456
12458
12457
12459
12460
12461
12463
12465
12466
12462
12464
12467
12542
12468
12469
12470
12471
12472
12474
12473
12476
12475
12477
12478
12479
12482
12481
12483
12484
12485
12486
12487
12488
12489
12490
12492
12493
12491
12494
12496
12498
12499
12497
12500
12501
12502
12504
12503
12505
12507
12506
12508
12509
12510
12512
12515
12514
12516
12517
12518
12519
12520
12522
12523
12524
12525
12526
12527
12528
12529
12530
12532
12531
12535
12533
12534
12536
12537
12538
12540
12541
12539
12543
12544
12545
12548
12546
12549
12550
12551
12552
12554
12553
12555
12558
12556
12557
12559
12560
12562
12564
12561
12563
12565
12566
12568
12567
12569
12570
12571
12572
12574
12573
12575
12576
12577
12578
12579
12580
12581
12582
12583
12584
12585
12586
12587
12588
12589
12600
12613
12610
12615
12616
12612
12614
12617
12618
12620
12619
12621
12622
12623
12624
12626
12625
12627
12628
12629
12630
12631
12632
12634
12633
12635
12636
12637
12640
12639
12638
12641
12642
12643
12644
12645
12646
12647
12648
12650
12651
12649
12652
12653
12655
12654
12656
12657
12658
12659
12660
12661
12662
12663
12664
12665
12667
12666
12668
12669
12672
12671
12675
12676
12678
12680
12681
12677
12683
12686
12685
12688
12689
12690
12687
12691
12693
12692
12694
12695
12696
12697
12698
12699
12700
12701
12702
12703
12705
12706
12704
12707
12708
12710
12711
12712
12713
12714
12716
12717
12718
12720
12719
12721
12722
12723
12727
12724
12726
12725
12728
12729
12731
12730
12732
12733
12734
12735
12736
12737
12738
12739
12740
12742
12741
12743
12744
12746
12745
12749
12747
12748
12750
12751
12752
12754
12753
12755
12756
12758
12757
12759
12760
12761
12763
12765
12764
12766
12762
12767
12770
12768
12769
12771
12772
12773
12774
12775
12777
12776
12778
12779
12780
12781
12796
12805
12837
12850
12883
12893
12898
12920
12924
12926
12928
12988
12989
12996
12997
12999
13001
13008
13013
13015
13023
13022
13024
13025
13026
13027
13028
13029
13030
13031
13032
13035
13037
13036
13039
13040
13041
13042
13044
13045
13046
13047
13048
13049
13128
13051
13050
13052
13053
13054
13055
13056
13057
13059
13058
13060
13061
13062
13065
13063
13066
13064
13067
13068
13070
13071
13069
13072
13073
13074
13076
13078
13077
13075
13079
13081
13082
13083
13084
13080
13085
13086
13087
13089
13088
13090
13092
13091
13093
13094
13095
13096
13097
13098
13101
13099
13102
13100
13103
13104
13105
13107
13106
13108
13109
13110
13112
13111
13113
13114
13115
13116
13117
13118
13119
13121
13120
13123
13122
13124
13125
13126
13127
13129
13130
13131
13133
13132
13134
13135
13136
13138
13139
13141
13140
13142
13143
13144
13146
13145
13147
13149
13150
13153
13151
13155
13156
13157
13158
13165
13197
13212
13249
13260
13859
13275
13280
13354
13378
13394
13399
13401
13412
13428
13458
13475
13484
13488
13496
13498
13506
13505
13519
13546
13577
13581
13622
13646
13682
13690
13705
13708
13706
13707
13710
13709
13711
13712
13715
13713
13714
13716
13717
13718
13720
13721
13722
13725
13724
13723
13728
13731
13730
13729
13727
13726
13733
13735
13732
13734
13736
13737
13739
13740
13743
13744
13741
13742
13745
13746
13747
13748
13750
13749
13751
13752
13754
13755
13756
13757
13760
13761
13762
13759
13763
13764
13765
13768
13767
13766
13769
13770
13771
13772
13773
13775
13774
13776
13779
13777
13778
13781
13780
13782
13785
13783
13784
13786
13787
13788
13789
13790
13792
13791
13793
13794
13796
13795
13797
13798
13799
13800
13801
13802
13804
13803
13806
13805
13809
13807
13808
13811
13810
13813
13814
13815
13812
13817
13816
13818
13821
13819
13822
13823
13820
13824
13825
13826
13827
13829
13828
13830
13831
13835
13833
13834
13836
13838
13839
13840
13842
13841
13844
13843
13845
13848
13846
13849
13850
13851
13852
13854
13853
13856
13855
13857
13858
13861
13863
13864
13860
13865
13867
13866
13868
13869
13870
13872
13871
13875
13874
13876
13873
13878
13877
13879
13882
13880
13884
13886
13885
13883
13887
13890
13888
13889
13892
13891
13893
13896
13895
13894
13897
13898
13899
13902
13900
13901
13904
13903
13908
13905
13907
13912
13913
13915
13911
13910
13914
13921
13917
13918
13916
13919
13920
13922
13925
13923
13924
13927
13926
13929
13932
13928
13933
13930
13934
13935
13936
13937
13938
13939
13940
13941
13942
13944
13943
13945
13946
13948
13947
13949
13950
13952
13953
13954
13956
13957
13955
13959
13958
13960
13961
13964
13965
13966
13967
13968
13971
13970
13972
13973
13975
13974
13976
13978
13977
13980
13979
13981
13982
13983
13985
13986
13987
13988
13989
13990
13991
13992
13993
13994
13995
13996
13997
13998
13999
14002
14000
14003
14004
14005
14007
14006
14009
14008
14011
14013
14012
14015
14014
14016
14017
14018
14019
14020
14022
14023
14021
14024
14025
14026
14029
14028
14027
14030
14031
14032
14033
14034
14035
14037
14039
14038
14040
14041
14044
14043
14042
14045
14049
14048
14046
14047
14050
14051
14052
14053
14055
14054
14057
14056
14058
14059
14060
14061
14062
14063
14064
14065
14067
14068
14066
14070
14071
14072
14073
14074
14075
14077
14078
14079
14083
14080
14084
14081
14082
14086
14088
14089
14087
14091
14094
14095
14092
14093
14098
14097
14099
14101
14100
14102
14103
14104
14105
14106
14107
14108
14109
14110
14111
14112
14113
14114
14115
14116
14118
14119
14120
14121
14123
14122
14124
14125
14129
14127
14128
14130
14131
14132
14133
14135
14136
14134
14137
14138
14139
14141
14140
14142
14143
14146
14145
14144
14147
14149
14150
14152
14151
14153
14154
14156
14160
14157
14161
14162
14159
14163
14165
14166
14164
14167
14168
14169
14171
14170
14172
14173
14174
14175
14176
14177
14178
14179
14180
14182
14181
14183
14184
14185
14187
14186
14188
14189
14190
14191
14192
14193
14194
14195
14197
14198
14196
14199
14200
14202
14201
14204
14206
14207
14205
14208
14209
14212
14210
14211
14213
14214
14216
14217
14218
14219
14220
14221
14223
14225
14222
14224
14226
14227
14228
14229
14230
14232
14233
14234
14235
14236
14237
14238
14240
14239
14241
14242
14243
14244
14245
14247
14246
14248
14250
14249
14251
14253
14252
14254
14255
14256
14257
14258
14260
14259
14261
14262
14263
14264
14265
14266
14267
14268
14270
14272
14269
14271
14274
14275
14276
14277
14278
14279
14281
14282
14283
14284
14285
14286
14287
14289
14290
14288
14291
14293
14292
14294
14295
14296
14298
14297
14299
14300
14302
14303
14305
14304
14306
14308
14307
14309
14310
14311
14312
14313
14314
14315
14316
14318
14317
14320
14319
14323
14321
14322
14324
14325
14326
14327
14329
14328
14330
14331
14332
14333
14334
14335
14336
14337
14339
14338
14340
14341
14342
14343
14344
14416
14345
14346
14348
14349
14350
14351
14352
14353
14355
14356
14354
14358
14359
14360
14361
14362
14364
14363
14365
14366
14367
14368
14369
14370
14371
14372
14374
14376
14375
14373
14377
14381
14382
14380
14383
14379
14384
14385
14397
14399
14398
14400
14401
14403
14402
14405
14406
14404
14408
14407
14411
14415
14412
14414
14417
14418
14419
14421
14420
14423
14422
14424
14425
14427
14426
14428
14429
14431
14432
14430
14433
14434
14435
14436
14437
14443
14440
14442
14439
14441
14444
14448
14447
14446
14445
14449
14450
14452
14453
14451
14454
14456
14455
14458
14457
14459
14460
14462
14461
14463
14465
14466
14464
14467
14468
14469
14470
14471
14472
14473
14474
14475
14477
14478
14480
14481
14482
14484
14483
14486
14487
14485
14488
14489
14490
14492
14491
14493
14494
14495
14497
14496
14498
14499
14501
14500
14502
14503
14504
14505
14507
14506
14508
14509
14511
14512
14510
14513
14514
14516
14517
14519
14521
14520
14522
14525
14524
14526
14527
14528
14529
14531
14532
14530
14535
14534
14536
14537
14538
14541
14539
14540
14542
14543
14546
14544
14547
14548
14549
14551
14550
14552
14553
14554
14555
14557
14558
14556
14559
14560
14561
14562
14563
14564
14565
14567
14566
14568
14569
14570
14571
14572
14573
14574
14575
14577
14576
14578
14579
14583
14581
14584
14582
14585
14587
14586
14588
14589
14590
14592
14591
14596
14595
14597
14598
14599
14600
14601
14602
14603
14604
14605
14606
14607
14608
14609
14610
14611
14612
14613
14614
14616
14615
14618
14617
14619
14620
14621
14622
14624
14626
14625
14628
14630
14632
14631
14633
14634
14635
14636
14637
14638
14639
14640
14641
14642
14643
14644
14645
14646
14647
14648
14649
14650
14651
14652
14653
14654
14655
14656
14658
14657
14659
14660
14661
14662
14663
14664
14665
14666
14667
14669
14668
14670
14672
14673
14674
14675
14677
14676
14679
14678
14680
14682
14681
14683
14684
14686
14685
14687
14688
14689
14690
14692
14691
14693
14695
14694
14697
14696
14700
14699
14701
14702
14703
14706
14705
14707
14708
14709
14710
14711
14712
14714
14713
14715
14716
14717
14718
14719
14721
14722
14724
14725
14726
14727
14728
14729
14730
14731
14732
14733
14735
14734
14736
14737
14738
14740
14739
14742
14744
14743
14745
14746
14747
14748
14777
14775
14774
14776
14778
14780
14781
14779
14782
14783
14784
14787
14785
14786
14788
14789
14790
14792
14791
14793
14794
14795
14796
14797
14799
14798
14800
14801
14802
14803
14805
14806
14804
14807
14808
14809
14810
14814
14813
14812
14815
14817
14819
14818
14820
14821
14822
14823
14824
14825
14826
14827
14829
14830
14831
14832
14834
14836
14837
14835
14838
14839
14842
14841
14843
14840
14844
14845
14846
14847
14848
14850
14851
14852
14854
14853
14856
14855
14858
14860
14859
14862
14861
14864
14865
14866
14867
14868
14869
14870
14873
14871
14875
14874
14877
14876
14878
14879
14881
14880
14882
14883
14884
14885
14886
14887
14888
14889
14890
14891
14892
14893
14895
14894
14896
14898
14897
14899
14900
14903
14902
14901
14904
14905
14907
14906
14908
14909
14910
14911
14912
14913
14915
14916
14917
14918
14919
14920
14921
14922
14924
14927
14926
14925
14928
14930
14931
14929
14932
14933
14934
14935
14936
14939
14937
14938
14940
14941
14942
14943
14944
14945
14946
14947
14948
14949
14950
14952
14954
14955
14957
14959
14958
14960
14962
14961
14963
14964
14966
14965
14967
15380
14968
14969
14970
14971
14972
14974
14973
14975
14976
14978
14977
14979
14980
14982
14981
14984
14983
14986
14985
14988
14987
14989
14990
14992
14993
14994
14991
14995
14998
14996
14997
14999
15000
15001
15002
15003
15004
15006
15005
15007
15008
15010
15009
15011
15012
15014
15013
15015
15016
15017
15018
15020
15019
15021
15023
15024
15022
15025
15027
15026
15028
15029
15031
15032
15034
15033
15035
15038
15037
15039
15040
15043
15042
15041
15044
15045
15047
15046
15048
15049
15052
15050
15051
15053
15054
15055
15056
15057
15059
15060
15061
15062
15064
15063
15065
15066
15067
15068
15069
15070
15071
15072
15073
15074
15075
15076
15077
15078
15079
15080
15081
15083
15082
15086
15085
15087
15089
15091
15090
15092
15093
15094
15095
15096
15097
15098
15100
15101
15103
15104
15105
15106
15107
15108
15109
15110
15111
15112
15114
15113
15115
15116
15118
15120
15121
15119
15122
15125
15124
15126
15123
15127
15128
15130
15132
15133
15134
15135
15137
15136
15138
15139
15142
15140
15143
15141
15147
15146
15145
15144
15149
15148
15150
15151
15152
15153
15246
15247
15248
15249
15251
15253
15252
15255
15256
15257
15258
15259
15260
15262
15261
15264
15263
15265
15266
15267
15268
15269
15270
15271
15272
15295
15297
15299
15298
15300
15301
15303
15302
15306
15307
15309
15308
15310
15311
15312
15313
15314
15315
15316
15317
15318
15320
15321
15322
15324
15325
15326
15327
15328
15329
15330
15331
15332
15333
15337
15335
15338
15339
15340
15341
15343
15342
15344
15345
15346
15347
15348
15350
15351
15352
15355
15354
15356
15357
15358
15359
15360
15361
15363
15364
15366
15367
15368
15369
15370
15371
15372
15374
15373
15375
15376
15377
15379
15381
15382
15384
15383
15385
15386
15387
15388
15389
15390
15391
15392
15393
15394
15395
15396
15397
15401
15400
15402
15403
15404
15405
15406
15407
15409
15408
15410
15411
15412
15413
15415
15417
15416
15419
15421
15420
15422
15425
15426
15423
15424
15429
15428
15430
15427
15431
15433
15432
15434
15435
15438
15437
15436
15440
15441
15442
15443
15446
15444
15448
15447
15450
15449
15451
15452
15453
15455
15456
15457
15458
15459
15460
15461
15462
15463
15464
15465
15466
15468
15470
15471
15472
15473
15474
15475
15476
15477
15478
15480
15482
15481
15483
15484
15486
15487
15488
15489
15490
15491
15493
15492
15494
15495
15496
15497
15498
15500
15499
15501
15502
15503
15504
15505
15506
15507
15509
15510
15511
15512
15513
15515
15514
15516
15517
15518
15519
15520
15522
15521
15523
15524
15525
15528
15526
15527
15531
15530
15532
15534
15535
15536
15537
15540
15539
15542
15543
15544
15545
15546
15547
15548
15550
15549
15552
15553
15554
15556
15557
15558
15562
15564
15563
15566
15567
15568
15569
15570
15571
15572
15573
15574
15575
15577
15578
15579
15580
15581
15582
15583
15584
15585
15586
15588
15589
15590
15591
15592
15593
15594
15595
15596
15597
15598
15599
15600
15601
15602
15603
15604
15605
15607
15606
15609
15608
15610
15611
15612
15613
15614
15615
15616
15617
15618
15619
15621
15620
15622
15623
15624
15625
15626
15627
15628
15630
15631
15632
15633
15634
15637
15636
15638
15639
15641
15640
15642
15643
15644
15682
15681
15684
15683
15685
15686
15687
15688
15690
15689
15691
15692
15695
15693
15694
15696
15698
15699
15697
15700
15701
15702
15703
15704
15705
15706
15707
15708
15709
15710
15711
15712
15713
15714
15715
15716
15717
15718
15719
15720
15721
15723
15722
15724
15725
15726
15727
15728
15729
15731
15730
15732
15733
15734
15735
15736
15737
15738
15739
15740
15741
15742
15743
15744
15745
15746
15747
15748
15749
15751
15750
15752
15753
15754
15755
15756
15757
15758
15759
15760
15761
15762
15764
15763
15765
15766
15767
15768
15770
15771
15772
15773
15774
15776
15775
15779
15777
15780
15781
15782
15783
15784
15786
15789
15790
15791
15792
15793
15794
15795
15796
15797
15798
15799
15800
15801
15802
15803
15805
15806
15807
15808
15809
15810
15813
15814
15816
15815
15817
15818
15819
15820
15821
15822
15824
15823
15825
15826
15827
15828
15830
15832
15831
15835
15836
15834
15837
15838
15839
15840
15842
15843
15841
15844
15845
15848
15847
15846
15849
15850
15851
15853
15855
15854
15856
15858
15857
15859
15860
15861
15862
15863
15864
15866
15865
15867
15869
15868
15870
15871
15874
15873
15872
15875
15876
15878
15877
15879
15880
15881
15882
15883
15884
15886
15885
15887
15888
15890
15889
15891
15892
15894
15893
15895
15896
15898
15899
15900
15901
15902
15903
15905
15904
15907
15908
15909
15912
15913
15915
15914
15917
15916
15919
15920
15921
15922
15923
15924
15925
15926
15927
15928
15929
15930
15931
15932
15933
15934
15935
15936
15937
15938
15939
15940
15941
15942
15945
15944
15943
15946
15947
15948
15949
15950
15952
15951
15953
15954
15955
15956
15957
15958
15959
15961
15963
15962
15964
15966
16083
16097
16145
16290
16307
16313
16560
16653
16794
16802
16815
16824
16863
16871
18064
16898
16953
16954
16993
17209
17272
17280
17283
17282
17344
17349
17392
17406
17432
17453
17471
17475
17477
17494
17496
17495
17497
17498
17499
17501
17500
17502
17503
17504
17505
17506
17508
17509
17510
17511
17512
17513
17514
17515
17516
17517
17518
17519
17520
17521
17522
17523
17524
17525
17526
17527
17530
17529
17531
17533
17532
17534
17536
17535
17538
17540
17539
17541
17542
17543
17544
17545
17546
17547
17549
17550
17551
17552
17553
17554
17555
17556
17557
17558
17559
17560
17561
17562
17563
17564
17565
17566
17567
17568
17569
17572
17571
17573
17574
17575
17576
17578
17577
17579
17581
17580
17582
17584
17583
17585
17587
17586
17588
17589
17590
17591
17593
17592
17594
17595
17596
17597
17599
17601
17600
17602
17603
17604
17605
17607
17606
17608
17609
17610
17612
17611
17613
17615
17614
17616
17617
17618
17619
17621
17620
17622
17623
17625
17626
17627
17628
17630
17629
17631
17633
17635
17634
17637
17636
17638
17639
17640
17641
17642
17643
17644
17646
17645
17647
17650
17648
17649
17653
17651
17652
17654
17655
17656
17657
17658
17659
17660
17661
17662
17663
17664
17666
17667
17668
17670
17669
17671
17673
17672
17674
17676
17675
17677
17678
17680
17679
17681
17683
17682
17684
17685
17686
17687
17688
17689
17690
17691
17692
17694
17695
17696
17697
17698
17699
17700
17701
17702
17703
17704
17705
17706
17707
17708
17709
17711
17710
17712
17714
17713
17715
17716
17718
17719
17720
17721
17722
17723
17724
17726
17725
17729
17728
17730
17731
17734
17733
17735
17737
17738
17736
17739
17740
17741
17742
17743
17744
17745
17746
17747
17748
17749
17750
17752
17751
17753
17755
17754
17756
17758
17757
17759
17760
17761
17762
17763
17764
17765
17766
17767
17768
17769
17772
17773
17774
17775
17776
17777
17778
17779
17780
17781
17782
17783
17785
17784
18681
17786
17787
17788
17789
17790
17791
17793
17792
17794
17795
17797
17796
17800
17798
17802
17804
17803
17805
17852
17866
17868
17902
17905
17906
17907
17908
17909
17910
17911
17912
17913
17914
17915
17916
17917
17919
17920
17921
17922
17924
17926
17925
17927
17928
17929
17930
17931
17932
17933
17934
17935
17936
17937
17938
17939
17940
17941
17943
17942
17944
17947
17950
17949
17951
17952
17953
17954
17955
17956
17957
17958
17959
17961
17963
17962
17964
17965
17966
17967
17969
17968
17970
17971
17972
17973
17974
17975
17976
17977
17978
17979
17982
17983
17984
17986
17988
17987
17989
17990
17991
17992
17993
17994
17995
17996
17997
18000
17999
18001
18002
18003
18004
18005
18006
18007
18008
18010
18011
18009
18012
18013
18014
18016
18018
18017
18019
18021
18020
18022
18023
18024
18026
18025
18028
18029
18030
18031
18033
18032
18034
18035
18036
18037
18038
18039
18040
18041
18042
18043
18045
18046
18047
18049
18048
18050
18051
18052
18053
18054
18056
18055
18057
18058
18059
18060
18062
18061
18066
18065
18063
18068
18067
18069
18070
18071
18072
18073
18074
18075
18076
18077
18078
18079
18080
18081
18082
18083
18084
18085
18086
18087
18088
18089
18090
18091
18092
18093
18094
18095
18097
18098
18099
18100
18101
18102
18103
18104
18105
18106
18107
18108
18109
18110
18111
18112
18113
18114
18115
18116
18117
18119
18118
18120
18121
18122
18123
18125
18124
18126
18127
18236
18320
18352
18357
18395
18489
18507
18522
18532
18558
18559
18560
18562
18561
18563
18564
18565
18566
18567
18568
18569
18570
18571
18572
18573
18574
18575
18576
18577
18578
18579
18580
18581
18582
18583
18584
18585
18587
18586
18588
18589
18590
18591
18592
18593
18594
18596
18597
18598
18599
18600
18601
18602
18603
18604
18605
18606
18607
18608
18609
18610
18611
18612
18613
18614
18615
18616
18617
18618
18619
18620
18621
18622
18623
18624
18625
18626
18627
18628
18629
18630
18631
18632
18633
18634
18635
18636
18637
18638
18639
18640
18641
18642
18645
18646
18647
18648
18649
18650
18651
18652
18653
18654
18655
18656
18657
18658
18659
18660
18661
18662
18663
18664
18665
18666
18667
18668
18670
18669
18671
18673
18672
18674
18675
18676
18677
18678
18679
18680
18682
18683
18684
18685
18686
18687
18689
18688
18690
18691
18692
18695
18693
18694
18696
18698
18697
18699
18700
18701
18702
18703
18704
18706
18707
18705
18708
18709
18710
13962
14158
14410
17345
18711
18712
18713
18714
18715
18716
18718
18717
18719
18720
18721
18722
18723
18724
18725
18726
18727
18728
18729
18730
18731
18732
18733
18734
18735
18736
18737
18738
18739
18770
18777
18779
18782
18861
18902
18906
18920
18921
18922
18923
18925
18924
18926
18927
18928
18929
18930
18932
18933
18934
18935
18936
18937
18938
18939
18940
18941
18943
18942
18944
18945
18946
18947
18948
18949
18950
18952
18951
18953
18954
18955
18956
18958
18960
18959
18961
18963
18962
18964
18965
18966
18967
18968
18969
18970
18972
18971
18973
18975
18974
18976
18977
18978
18979
18980
18981
18982
18983
18984
18985
18986
18987
18989
18990
18992
18994
18993
18995
18996
18997
18998
18999
19000
19001
19002
19004
19005
19006
19007
19008
19009
19010
19011
19013
19012
19014
19016
19015
19017
19019
19021
19020
19022
19023
19024
19025
19027
19026
19028
19029
19030
19031
19032
19033
19034
19035
19037
19038
19039
19040
19042
19043
19044
19045
19046
19047
19048
19049
19050
19051
19052
19053
19054
19055
19057
21251
19060
19062
19063
19065
19066
19067
19068
19069
19070
19072
19071
19073
19076
19077
19078
19079
19080
19081
19082
19083
19084
19085
19086
19088
19089
19090
19091
19092
19093
19094
19095
19096
19097
19098
19099
19100
19101
19102
19104
19105
19106
19107
19108
19109
19110
19111
19112
19113
19114
19115
19116
19117
19118
19119
19120
19121
19122
19123
19124
19125
19126
19127
19128
19129
19130
19137
19136
19138
19139
19140
19141
19142
19143
19145
19144
19146
19147
19148
19149
19151
19152
19153
19154
19155
19156
19157
19158
19159
19160
19161
19163
19164
19165
19166
19167
19168
19169
19170
19171
19172
19173
19175
19176
19177
19178
19179
19180
19181
19182
19183
19184
19185
19186
19187
19188
19189
19190
19191
19192
19193
19194
19195
19196
19197
19198
19199
19200
19201
19202
19203
19204
19205
19206
19208
19209
19210
19211
19212
19213
19214
19215
19216
19217
19218
19219
19220
19221
19222
19223
19225
19226
19227
19228
19230
19229
19231
19232
19234
19235
19236
19237
19238
19239
19240
19241
19242
19243
19244
19245
21658
19246
19247
19248
19249
19250
19251
19252
19253
19254
19255
19256
19257
19258
19259
19260
19262
19263
19264
19265
19266
19267
19268
19269
19270
19271
19273
19272
19276
19275
19277
19278
19279
19280
19282
19283
19284
19285
19286
19287
19288
19289
19290
19291
19292
19293
19294
19295
19296
19297
19298
19299
19300
19301
19302
19303
19304
19305
19306
19307
19308
19309
19310
19311
19312
19313
19315
19316
19317
19318
19319
19320
19370
19373
19378
19382
19411
19417
19483
19676
19677
19678
19679
19680
19681
19683
19684
19685
19687
19688
19689
19690
19691
19692
19693
19694
19695
19696
19697
19698
19699
19700
19701
19703
19704
19705
19706
19707
19708
19709
19710
19711
