2173
2217
2110
2176
2254
2174
2262
2258
2273
2270
2269
2275
2276
2274
2272
2278
2279
2280
2282
2283
2281
2285
2309
2384
2303
2365
2362
2487
2537
2542
2458
2477
2684
3022
2589
2709
2710
2711
2708
2712
2713
2714
2716
2715
2717
2718
2721
2722
2719
2720
2723
2724
2726
2858
2905
2931
2911
3096
2955
3129
3138
2991
3140
3141
3142
3143
3144
3145
3172
3184
3203
3242
3268
3368
3437
3514
3517
3555
3595
3589
3647
3659
3711
3733
3663
3738
3735
3816
3773
3864
3995
4010
4055
3961
3984
4229
4239
4190
4059
4211
4319
4312
4322
4331
4353
4366
4393
4332
4406
4391
4402
4454
4485
4537
4500
4509
4468
4538
4539
4541
4544
4543
4542
4540
4570
4578
4615
4599
4672
4682
4713
4716
4723
4768
4775
4831
4834
4835
4837
4838
4839
4836
4840
4963
4986
4992
4833
5076
5140
5178
5199
5405
5409
6334
5443
5480
5498
5558
5634
5716
5729
6335
5800
5848
5936
6055
6135
6139
6163
6183
6218
6253
6295
6296
6297
6298
6300
6301
6302
6303
6304
6305
6306
6307
6308
6309
6312
6311
6313
6314
6315
6316
6318
6317
6319
6320
6323
6321
6322
6324
6325
6326
6327
6328
6329
6331
6330
6336
6333
6337
6332
6338
6340
6341
6342
6343
6344
6346
6348
6347
6349
6350
6351
6352
6353
6355
6354
6356
6357
6359
6358
6360
6363
6364
6362
6365
6367
6368
6369
6370
6371
6372
6373
6374
6375
6376
6378
6377
6379
6380
6382
6384
6385
6386
6387
6388
6390
6392
6393
6394
6395
6398
6396
6397
6400
6402
6401
6403
6405
6406
6407
6408
6409
6411
6410
6412
6413
6414
6440
6483
6519
6635
6739
6766
6779
7176
6842
6893
6907
6956
7002
7016
7018
7020
7017
7019
7023
7021
7024
7022
7025
7026
7027
7028
7029
7030
7031
7055
7056
7057
7060
7059
7062
7061
7064
7063
7065
7066
7067
7069
7070
7068
7071
7072
7074
7073
7081
7127
7191
7196
7210
7221
7252
7284
7336
7373
7376
7383
7402
7414
7415
7468
7495
7582
7598
7613
7615
7647
7697
7705
7707
7717
7721
7727
7742
7751
7812
7818
7820
7850
7891
7892
7894
7895
7897
7898
7899
7900
7901
7902
7904
7905
7917
7932
7949
7975
8021
8095
8153
8158
8180
8209
8242
8276
8292
8377
8378
8400
8458
8739
8760
8768
8775
8778
8829
8839
8867
8882
8884
8887
8940
8956
8969
8987
8989
9034
9072
9099
9190
9210
9274
9276
9347
9369
9387
9399
9427
9452
9455
9458
9490
9521
9526
9576
9581
9596
9731
9750
9794
9806
9837
9952
9965
9980
9981
9987
10010
10090
10123
10344
10345
10350
10351
10373
10384
10393
10398
10400
10420
10428
10453
10470
10517
10522
10529
10542
10550
10568
10607
10612
10652
10655
10691
10913
10982
11027
11033
11056
11063
11116
11125
11149
11156
11243
11249
11257
11258
11259
11288
11289
11290
11291
11292
11296
11303
11305
11304
11306
11343
11444
11451
11478
11481
11509
11599
11609
11627
11665
11667
11676
11712
11735
11775
11828
11881
11898
11953
11977
11979
11981
11987
12001
12002
12828
12048
12097
12155
12161
12171
12174
12214
12255
12975
12269
12293
12297
12361
12436
12452
12495
12511
12513
12521
12547
12604
12603
12608
12609
12670
12679
12682
12827
12684
12709
12715
12782
12783
12784
12785
12786
12787
12788
12790
12789
12791
12792
12793
12794
12795
12798
12797
12799
12801
12802
12800
12803
12804
12808
12806
12809
12807
12810
12811
12813
12814
12812
12817
12819
12816
12818
12820
12822
12824
12825
12821
12823
12829
12830
12826
12831
12834
12832
12833
12835
12838
12836
12840
12839
12842
12843
12841
12844
12846
12845
12848
12847
12849
12852
12851
12853
12854
12856
12857
12858
12859
12860
12861
12862
12863
12864
12866
12865
12867
12868
12869
12872
12870
12871
12874
12875
12873
12878
12877
12879
12881
12880
12882
12885
12884
12887
12886
12888
12889
12892
12890
12891
12896
12895
12894
12897
12900
12901
12899
12902
12903
12904
12906
12905
12907
12908
12911
12913
12915
12910
12916
12914
12918
12917
12923
12919
12921
12922
12925
12927
12929
12931
12930
12934
12932
12936
12933
12935
12938
12937
12941
12939
12942
12940
12943
12946
12947
12944
12948
12945
12953
12954
12950
12951
12958
12952
12957
12955
12956
12962
12959
12960
12961
12965
12963
12966
12964
12967
12970
12968
12972
12969
12976
12971
12978
12974
12977
12982
12979
12983
12980
12981
12985
12987
12986
12990
12992
12994
12991
12993
12995
12998
13000
13004
13002
13003
13006
13007
13009
13010
13012
13011
13014
13017
13018
13016
13019
13020
13021
13034
13038
13154
13159
13161
13160
13162
13163
13164
13166
13168
13167
13169
13171
13170
13173
13172
13176
13174
13178
13175
13179
13177
13182
13180
13184
13185
13181
13183
13186
13190
13191
13187
13188
13189
13192
13196
13193
13194
13198
13195
13202
13203
13199
13200
13201
13205
13204
13206
13207
13211
13208
13209
13210
13213
13216
13214
13215
13219
13220
13217
13221
13222
13218
13223
13224
13225
13227
13226
13231
13228
13229
13233
13230
13235
13232
13236
13237
13234
13238
13239
13240
13242
13241
13243
13245
13244
13246
13247
13251
13248
13252
13253
13255
13250
13256
13254
13257
13258
13259
13261
13263
13265
13262
13266
13264
13267
13268
13269
13271
13272
13270
13273
13274
13276
13279
13277
13281
13278
13283
13285
13282
13284
13286
13287
13288
13290
13289
13291
13292
13293
13295
13294
13296
13299
13297
13300
13298
13302
13303
13301
13304
13307
13305
13309
13310
13306
13308
13312
13313
13311
13315
13314
13316
13317
13319
13318
13320
13322
13321
13323
13325
13324
13327
13326
13328
13329
13330
13331
13333
13332
13334
13335
13336
13338
13337
13339
13340
13342
13341
13346
13343
13344
13345
13347
13348
13349
13353
13356
13350
13351
13352
13357
13355
13359
13358
13360
13361
13362
13363
13365
13366
13364
13368
13367
13369
13371
13373
13370
13374
13372
13380
13376
13379
13377
13381
13382
13383
13384
13385
13386
13387
13391
13388
13389
13393
13390
13395
13396
13392
13397
13398
13402
13400
13403
13405
13406
13407
13408
13410
13409
13411
13413
13416
13414
13415
13417
13418
13420
13419
13423
13421
13424
13425
13422
13429
13426
13430
13427
13431
13433
13435
13432
13434
13436
13437
13439
13438
13441
13444
13447
13442
13446
13443
13445
13451
13448
13449
13454
13450
13452
13456
13453
13459
13455
13460
13457
13461
13462
13465
13463
13466
13464
13469
13471
13467
13468
13472
13474
13470
13476
13473
13477
13481
13480
13478
13479
13482
13483
13485
13487
13486
13490
13492
13491
13489
13493
13494
13495
13497
13499
13500
13501
13502
13504
13503
13507
13508
13509
13510
13511
13513
13512
13515
13514
13516
13517
13518
13520
13522
13521
13523
13525
13526
13524
13527
13531
13528
13530
13532
13529
13533
13536
13534
13535
13539
13537
13540
13541
13542
13547
13543
13548
13544
13549
13545
13552
13553
13550
13551
13555
13554
13557
13556
13562
13560
13558
13559
13561
13563
13566
13567
13564
13568
13570
13569
13571
13572
13576
13574
13575
13580
13578
13583
13582
13584
13587
13579
13586
13585
13588
13589
13590
13593
13591
13594
13595
13592
13596
13597
13598
13599
13600
13603
13604
13601
13602
13605
13606
13607
13609
13610
13608
13612
13611
13613
13614
13615
13616
13617
13618
13619
13621
13620
13623
13624
13625
13628
13626
13629
13627
13630
13633
13631
13634
13632
13636
13635
13638
13639
13637
13640
13641
13643
13642
13644
13645
13647
13649
13648
13650
13652
13651
13653
13654
13656
13658
13657
13661
13659
13660
13662
13665
13666
13663
13664
13670
13667
13668
13673
13669
13674
13671
13672
13676
13675
13677
13678
13679
13680
13684
13681
13685
13683
13689
13686
13687
13688
13693
13691
13695
13692
13696
13694
13699
13697
13700
13698
13702
13703
13719
13738
13758
13832
13862
13909
14010
14036
14069
14076
14085
14096
14117
14126
14155
14215
14280
14301
14347
14357
14386
14387
14388
14389
14390
14391
14393
14394
14392
14395
14396
14413
14476
14515
14523
14545
14580
14593
14594
14623
14627
14629
14704
14741
14749
14750
14751
14752
14753
14754
14755
14757
14756
14758
14759
14760
14761
14764
14762
14765
14763
14767
14768
14772
14769
14773
14770
14771
14816
14828
14833
14857
14872
14914
14923
14953
14956
15030
15036
15058
15084
15088
15099
15102
15117
15131
15154
15155
15157
15156
15160
15159
15158
15161
15163
15162
15164
15165
15166
15168
15167
15169
15170
15172
15173
15177
15176
15174
15175
15178
15179
15180
15181
15182
15184
15183
15186
15185
15188
15187
15191
15189
15192
15190
15193
15197
15198
15195
15196
15200
15202
15201
15203
15199
15204
15205
15206
15207
15208
15209
15211
15210
15213
15214
15212
15215
15216
15218
15219
15217
15220
15222
15221
15223
15224
15225
15227
15228
15226
15230
15229
15231
15232
15233
15234
15235
15236
15237
15238
15240
15239
15241
15242
15243
15244
15245
15254
15273
15274
15275
15276
15277
15279
15278
15280
15281
15282
15284
15285
15283
15287
15286
15288
15289
15293
15290
15291
15292
15304
15305
15319
15323
15334
15336
15362
15365
15378
15398
15414
15418
15439
15445
15467
15469
15479
15508
15529
15533
15538
15541
15551
15555
15559
15560
15561
15565
15576
15587
15645
15646
15647
15648
15649
15650
15651
15652
15653
15654
15655
15656
15657
15658
15659
15660
15661
15662
15663
15665
15667
15664
15666
15668
15670
15669
15671
15672
15675
15673
15674
15676
15677
15679
15678
15787
15804
15812
15852
15897
15906
15910
15960
15965
15967
15968
15970
15969
15971
15973
15974
15975
15972
15976
15977
15979
15978
15980
15981
15984
15983
15982
15985
15987
15986
15988
15989
15991
15992
15990
15993
15994
15996
15995
15997
15998
15999
16001
16000
16002
16003
16006
16004
16005
16007
16010
16011
16008
16009
16012
16013
16015
16014
16016
16017
16019
16018
16020
16021
16022
16023
16024
16025
16026
16027
16029
16028
16032
16031
16033
16030
16034
16035
16036
16038
16039
16037
16040
16044
16042
16041
16043
16046
16045
16047
16048
16049
16052
16050
16051
16053
16054
16056
16055
16058
16059
16057
16060
16061
16064
16063
16062
16065
16066
16068
16067
16069
16070
16071
16075
16073
16072
16076
16074
16077
16078
16079
16080
16081
16082
16085
16084
16086
16087
16088
16089
16090
16093
16091
16092
16094
16095
16096
16098
16099
16100
16101
16102
16103
16104
16105
16106
16107
16109
16108
16111
16110
16115
16112
16114
16116
16117
16118
16119
16122
16121
16120
16123
16124
16125
16126
16127
16129
16128
16130
16131
16132
16133
16134
16135
16136
16137
16138
16139
16140
16141
16142
16144
16143
16146
16147
16148
16149
16150
16152
16153
16151
16155
16154
16156
16157
16158
16159
16160
16161
16163
16164
16165
16166
16168
16167
16169
16171
16170
16173
16172
16174
16175
16177
16178
16176
16179
16181
16180
16182
16183
16184
16186
16185
16187
16188
16190
16189
16191
16192
16193
16194
16195
16196
16197
16198
16199
16200
16201
16202
16203
16204
16205
16206
16207
16208
16209
16210
16211
16212
16214
16213
16215
16216
16218
16217
16219
16220
16221
16222
16223
16224
16225
16226
16227
16228
16229
16230
16231
16232
16234
16233
16235
16236
16237
16238
16239
16240
16241
16242
16243
16244
16246
16245
16247
16248
16249
16250
16252
16251
16253
16254
16256
16255
16257
16258
16259
16261
16260
16262
16263
16264
16265
16266
16268
16267
16269
16270
16271
16272
16273
16274
16275
16276
16277
16278
16279
16280
16281
16282
16283
16284
16285
16286
16287
16288
16289
16291
16293
16292
16294
16295
16297
16296
16298
16299
16300
16301
16302
16303
16305
16304
16306
16308
16309
16310
16311
16312
16314
16315
16316
16317
16318
16319
16321
16322
16320
16323
16324
16325
16326
16327
16328
16329
16330
16331
16332
16333
16335
16334
16336
16337
16338
16339
16340
16341
16342
16343
16344
16345
16348
16346
16347
16349
16350
16351
16353
16352
16354
16355
16356
16357
16358
16359
16360
16361
16362
16363
16364
16366
16365
16367
16368
16370
16369
16371
16372
16374
16375
16373
16376
16378
16377
16379
16380
16382
16381
16383
16384
16385
16386
16387
16388
16389
16390
16393
16391
16392
16394
16395
16396
16398
16397
16399
16400
16401
16402
16405
16403
16406
16404
16407
16408
16409
16410
16412
16411
16414
16413
16415
16416
16417
16418
16419
16420
16421
16422
16423
16426
16425
16424
16427
16428
16429
16430
16431
16432
16435
16434
16437
16436
16438
16439
16440
16441
16442
16443
16444
16445
16446
16449
16448
16447
16450
16451
16452
16453
16454
16455
16456
16457
16458
16459
16460
16461
16462
16463
16464
16465
16466
16467
16468
16469
16471
16470
16472
16474
16473
16476
16475
16477
16478
16479
16480
16481
16484
16483
16482
16485
16486
16487
16488
16489
16490
16491
16492
16493
16495
16494
16496
16497
16498
16500
16499
16501
16502
16504
16505
16506
16507
16508
16509
16510
16511
16512
16513
16514
16515
16516
16517
16518
16520
16519
16522
16521
16524
16523
16526
16525
16527
16530
16528
16529
16532
16531
16533
16534
16536
16537
16535
16538
16540
16539
16541
16542
16543
16544
16545
16546
16547
16548
16549
16550
16551
16552
16553
16554
16555
16556
16557
16558
16559
16562
16561
16563
16564
16565
16566
16567
16568
16570
16569
16571
16572
16573
16574
16575
16576
16577
16578
16579
16580
16581
16582
16583
16584
16585
16586
16587
16589
16588
16590
16591
16593
16592
16594
16595
16596
16597
16598
16599
16601
16600
16602
16603
16604
16605
16606
16607
16608
16609
16611
16610
16612
16614
16613
16615
16617
16618
16616
16620
16619
16621
16622
16623
16624
16626
16625
16627
16628
16629
16631
16630
16632
16633
16636
16635
16634
16637
16638
16639
16640
16642
16644
16643
16645
16641
16646
16647
16648
16650
16649
16651
16652
16654
16655
16656
16657
16658
16659
16660
16661
16662
16664
16665
16666
16668
16667
16669
16670
16672
16671
16673
16675
16676
16674
16677
16678
16679
16680
16681
16682
16683
16684
16685
16686
16687
16688
16690
16689
16692
16693
16694
16695
16697
16698
16696
16699
16700
16701
16702
16703
16704
16706
16705
16707
16708
16709
16713
16711
16712
16714
16715
16717
16716
16718
16719
16720
16721
16723
16722
16724
16725
16726
16729
16727
16728
16730
16732
16731
16734
16733
16735
16736
16737
16739
16740
16738
16741
16742
16743
16744
16745
16746
16747
16749
16748
16750
16751
16752
16753
16754
16755
16756
16758
16759
16757
16761
16760
16763
16762
16764
16765
16766
16767
16768
16769
16770
16772
16771
16773
16774
16776
16775
16777
16778
16779
16780
16782
16781
16784
16783
16785
16786
16787
16788
16789
16790
16791
16793
16792
16795
16796
16797
16798
16799
16800
16801
16804
16803
16805
16806
16807
16809
16810
16811
16812
16813
16814
16816
16817
16818
16819
16820
16821
16822
16823
16825
16826
16827
16828
16829
16830
16831
16833
16832
16834
16835
16836
16837
16839
16838
16840
16841
16842
16844
16843
16845
16846
16847
16848
16850
16849
16851
16852
16853
16854
16855
16856
16857
16860
16859
16861
16858
16862
16865
16864
16866
16868
16867
16869
16870
16872
16873
16875
16876
16877
16878
16879
16880
16881
16882
16883
16885
16884
16886
16887
16888
16889
16890
16891
16893
16892
16894
16895
16896
16899
16900
16901
16902
16904
16903
16905
16907
16906
16909
16908
16910
16911
16912
16913
16914
16915
16916
16917
16919
16921
16920
16918
16923
16922
16924
16925
16926
16928
16929
16927
16930
16931
16932
16933
16934
16935
16936
16937
16939
16938
16940
16941
16943
16944
16942
16945
16946
16948
16947
16949
16950
16951
16952
16955
16956
16957
16958
16959
16962
16961
16960
16963
16964
16966
16965
16967
16968
16969
16970
16971
16972
16973
16974
16975
16976
16977
16978
16979
16980
16981
16982
16983
16985
16987
16988
16984
16986
16989
16990
16991
16992
16994
16995
16996
16997
16998
16999
17000
17001
17002
17003
17005
17004
17006
17008
17007
17009
17010
17011
17012
17013
17014
17016
17015
17017
17018
17019
17020
17021
17022
17023
17026
17025
17024
17027
17028
17030
17029
17031
17033
17034
17035
17036
17037
17038
17039
17041
17042
17040
17043
17044
17046
17045
17047
17048
17050
17049
17052
17051
17053
17054
17055
17057
17056
17058
17059
17061
17060
17062
17063
17065
17064
17066
17067
17068
17069
17070
17071
17073
17072
17075
17074
17076
17077
17078
17080
17079
17081
17082
17083
17084
17085
17086
17087
17088
17089
17090
17091
17092
17093
17094
17095
17096
17097
17098
17100
17099
17101
17102
17104
17103
17105
17107
17106
17108
17109
17110
17111
17112
17113
17114
17115
17116
17117
17118
17120
17119
17121
17122
17123
17125
17124
17126
17127
17128
17129
17130
17131
17132
17133
17134
17135
17136
17137
17138
17140
17139
17141
17143
17144
17142
17145
17147
17146
17148
17149
17151
17150
17152
17154
17153
17155
17156
17157
17158
17159
17160
17161
17162
17163
17164
17165
18199
17166
17167
17168
17169
17170
17171
17172
17173
17174
17175
17176
17178
17177
17179
17180
17182
17181
17183
17184
17185
17186
17187
17188
17189
17190
17191
17192
17193
17194
17196
17195
17197
17199
17198
17200
17201
17202
17205
17203
17204
17206
17207
17208
17210
17211
17212
17213
17214
17216
17215
17218
17217
17219
17220
17221
17222
17223
17224
17225
17227
17226
17228
17229
17230
17231
18270
17232
17233
17234
17236
17235
17237
17238
17239
17240
17241
17242
17245
17243
17246
17244
17248
17249
17247
17250
17251
17253
17252
17254
17255
17256
17257
17258
17259
17261
17260
17263
17262
17264
17265
17266
17267
17269
17268
17271
17270
17273
17275
17274
17276
17278
17277
17279
17281
17284
17285
17286
17287
17288
17289
17290
17291
17292
17293
17294
17295
17296
17297
17298
17299
17300
17301
18474
17302
17303
17305
17304
17306
17309
17307
17308
17310
17313
17311
17312
17314
17315
17316
17318
17317
17320
17319
17321
17322
17323
17324
17325
17327
17326
17328
17329
17331
17330
17333
17332
17334
17335
17336
17337
17338
17339
17340
17342
17341
17343
17346
17347
17348
17350
17351
17352
17353
17354
17355
17356
17357
17358
17360
17359
17361
17363
17362
17364
17366
17365
17367
17368
17369
17370
17371
17372
17373
17374
17375
17376
17377
17379
17380
17381
17382
17383
17384
17386
17385
17387
17388
17389
17390
17391
17393
17394
17395
17396
17397
17398
17399
17401
17400
17402
17403
17404
17405
17407
17408
17410
17409
17412
17411
17413
17415
17414
17416
17417
17418
17419
17420
17421
17422
17423
17424
17425
17426
17427
17428
17429
17430
17431
17433
17434
17435
17436
17437
17438
17439
17440
17441
17442
17443
17444
17445
17446
17447
17448
17449
17450
17451
17452
17454
17455
17456
17457
17458
17459
17460
17461
17462
17463
17464
17465
17466
17467
17468
17469
17470
17472
17473
17474
17476
17478
17479
17480
17481
17483
17482
17484
17485
17486
17489
17488
17490
17492
17493
17491
17507
17528
17537
17548
17570
17598
17632
17665
17693
17717
17732
17770
17771
17807
17806
17808
17809
17810
17811
17812
17813
17814
17816
17815
17817
17818
17819
17820
17822
17821
17823
17824
17825
17826
17827
17828
17829
17830
17831
17832
17834
17833
17835
17837
17836
17838
17839
17840
17841
17843
17844
17845
17846
17847
17848
17849
17850
17851
17853
17854
17855
17856
17858
17857
17859
17860
17861
17862
17863
17864
17865
17867
17869
17871
17870
17872
17873
17874
17875
17876
17877
17878
17879
17880
17881
17882
17883
17884
17886
17885
17887
17888
17889
17890
17891
17892
17894
17893
17895
17896
17897
17898
17899
17900
17901
17903
17904
17918
17945
17946
17948
17960
17980
17981
17985
17998
18015
18027
18044
18128
18129
18130
18131
18132
18133
18134
18135
18136
18137
18138
18139
18140
18142
18141
18143
18144
18145
18146
18147
18148
18149
18150
18151
18152
18153
18154
18155
18156
18157
18158
18159
18160
18161
18162
18163
18164
18165
18166
18167
18168
18169
18170
18171
18172
18173
18174
18175
18176
18177
18178
18179
18181
18182
18183
18184
18185
18186
18188
18187
18189
18190
18191
18192
18193
18194
18195
18196
18198
18197
18201
18202
18200
18205
18203
18204
18206
18207
18208
18209
18210
18211
18212
18213
18214
18215
18216
18217
18218
18219
18221
18220
18222
18223
18224
18225
18226
18227
18228
18229
18230
18231
18232
18233
18234
18235
18237
18238
18239
18240
18241
18242
18243
18244
18245
18246
18249
18248
18247
18250
18252
18251
18253
18255
18254
18256
18257
18258
18259
18260
18261
18262
18263
18264
18267
18265
18266
18268
18269
18271
18272
18273
18274
18275
18276
18277
18278
18279
18280
18281
18282
18283
18284
18285
18286
18287
18288
18289
18290
18291
18292
18293
18294
18295
18296
18297
18298
18299
18301
18300
18302
18303
18305
18306
18307
18308
18309
18310
18311
18313
18312
18314
18316
18317
18315
18318
18319
18321
18322
18323
18324
18325
18326
18327
18328
18329
18330
18332
18331
18333
18334
18335
18336
18337
18339
18338
18340
18341
18342
18343
18344
18345
18346
18347
18348
18349
18350
18351
18353
18354
18355
18356
18359
18358
18360
18361
18362
18363
18364
18365
18366
18367
18368
18369
18370
18372
18371
18373
18374
18375
18376
18377
18378
18379
18380
18381
18382
18384
18383
18385
18386
18388
18389
18391
18390
18393
18394
18396
18397
18398
18399
18400
18401
18402
18403
18404
18405
18406
18407
18823
18408
18409
18411
18410
18412
18413
18414
18415
18416
18417
18418
18419
18420
18421
18422
18423
18424
18425
18426
18427
18428
18429
18430
18431
18432
18433
18434
18436
18435
18437
18439
18438
18440
18442
18441
18445
18443
18444
18446
18448
18447
18449
18451
18450
18452
18454
18453
18455
18457
18456
18458
18459
18460
18461
18462
18463
18464
18465
18466
18467
18469
18468
18470
18472
18471
18473
18476
18475
18477
18478
18479
18481
18482
18483
18484
18485
18486
18487
18488
18490
18491
18492
18493
18494
18495
18496
18497
18498
18499
18500
18501
18502
18503
18504
18505
18506
18508
18509
18510
18511
18512
18513
18514
18515
18516
18517
18518
18519
18520
18521
18523
18524
18525
18526
18527
18528
18529
18530
18531
18533
18534
18535
18536
18538
18537
18539
18540
18541
18542
18543
18544
18545
18546
18547
18548
18549
18551
18553
18552
18554
18556
18555
18557
18595
19456
18643
18644
18740
18741
18742
18743
18744
18745
18746
18747
18748
18750
18749
18751
18753
18752
18754
18755
18756
18757
18758
18759
18760
18761
18762
18764
18763
18765
18766
18768
18767
18771
18769
18772
18773
18774
18775
18776
18778
18780
18781
18783
18784
18785
18786
18787
18788
18789
18790
18791
18792
18793
18794
18795
18796
18797
18798
18799
18800
18801
18802
18803
18804
18805
18806
18807
18808
18809
18810
18811
18812
18813
18814
18815
18816
18817
18818
18820
18819
18821
18822
18824
18825
18826
18827
18829
18830
18831
18832
18833
18834
18835
18836
18837
18838
18839
18840
18841
18842
18843
18844
18845
18846
18847
18849
18848
18851
18850
18852
18853
18854
18855
18856
18857
18858
18859
18860
18862
18863
18864
18865
18866
18868
18867
18869
18870
18871
18873
18872
18874
18876
18875
18877
18878
18880
18882
18883
18881
18884
18886
18885
18887
18889
18890
18891
18892
18893
18894
18895
18896
18897
18898
18899
18900
18901
18903
18904
18905
18908
18907
18910
18909
18911
18913
18912
18914
18915
18916
18918
18917
18919
18931
19587
18957
18988
18991
19018
19056
19058
19074
19103
19131
19132
19133
19134
19135
19150
19162
19174
19207
19224
19233
19261
19281
19314
19321
19322
19323
19324
19325
19326
19327
19328
19329
19330
19331
19332
19333
19334
19336
19335
19338
19337
19339
19340
19341
19342
19344
19343
19345
19346
19347
19348
19349
19350
19351
19352
19354
19353
19355
19356
19357
19358
19359
19360
19362
19361
19364
19363
19365
19366
19367
19368
19369
19371
19372
19374
19375
19376
19377
19379
19380
19381
19383
19384
19385
19386
19387
19388
19390
19391
19392
19393
19394
19395
19396
19397
19399
19398
19401
19400
19402
19403
19404
19405
19406
19407
19408
19409
19410
19412
19413
19414
19415
19416
19418
19419
19420
19421
19422
19423
19424
19425
19426
19427
19428
19429
19430
19431
19432
19433
19434
19435
19436
19437
19438
19440
19439
19441
19442
19443
19444
19445
19446
19447
19448
19449
19450
19451
19452
19453
19454
19455
19457
19458
19459
19460
19461
19462
19463
19464
19465
19466
19467
19468
19469
19471
19470
19473
19472
19474
19475
19476
19478
19477
19480
19479
19481
19482
19484
19485
19486
19487
19488
19489
19490
19491
19492
19493
19494
19495
19496
19497
19499
19498
19500
19501
19502
19503
19504
19505
19506
19507
19508
19510
19511
19512
19513
19516
19515
19517
19518
19519
19520
19521
19522
19523
19524
19525
19526
19528
19527
19529
19530
19531
19532
19533
19534
19535
19536
19537
19538
19539
19540
19541
19542
19543
19544
19545
19546
19547
19548
19549
19550
19552
19551
19553
19554
19555
19556
19557
19558
19560
19559
19561
19562
19563
19564
19565
19566
19567
19568
19570
19571
19572
19573
19574
19576
19577
19578
19579
19580
19581
19582
19583
19584
19585
19586
19588
19589
19590
19591
19593
19592
19594
19595
19596
19597
19598
19599
19600
19601
19602
19603
19604
19605
19606
19608
19607
19610
19609
19611
19612
19613
19614
19615
19617
19616
19618
19619
19620
19622
19621
19623
19624
19626
19625
19627
19629
19630
19632
19633
19634
19635
19636
19637
19638
19639
19640
19641
19642
19644
19643
19645
19646
19647
19648
19649
19650
19651
19652
19653
19654
19655
19656
19657
19659
19660
19662
19661
19663
19665
19666
19668
19667
19670
19669
19672
19671
19674
19673
19675
19686
19702
19712
19713
19714
19715
19716
19717
19718
19719
19720
19721
19722
19723
19724
19725
19726
19727
19728
19729
19730
19731
19732
19733
19734
19735
19736
19737
19738
19739
19740
19741
19742
19743
19744
19745
19746
19747
19749
19750
19751
19752
19753
19754
19755
19756
19757
19758
19759
19760
19762
19763
19764
19765
19766
19767
19768
19769
19770
19771
19772
19773
19774
19775
19776
19777
19778
19779
19780
19781
19782
19783
19784
19785
19787
19788
19789
19790
19791
19792
19793
19794
19795
19796
19797
19798
19799
19800
19801
19802
19803
19804
19805
19806
19807
19808
19809
19810
19811
19812
19813
19814
19815
19816
19817
19818
19819
19820
19821
19822
19823
19824
19825
19826
19827
19829
19830
19831
19832
19833
19834
21659
19836
19837
19838
19839
19840
19841
19842
19843
19844
19845
19846
19847
19848
19849
19850
19851
19852
19853
19854
19855
19856
19857
19858
19859
19860
19861
19862
19863
19864
19865
19866
19867
19868
19869
19870
19871
19872
19873
19874
19875
19876
19877
19878
19879
19880
19881
19882
19883
19884
19885
19886
19887
19888
19889
19890
19891
19892
19893
19894
19895
19896
19897
19898
19899
19900
19901
19902
19903
19904
19905
19906
19907
19908
19909
19910
19911
19912
19913
19914
19915
19916
19917
19918
19919
19921
