6
1
16
4
15
9
17
18
27
12
76
29
11
8
26
19
24
49
85
7
75
20
108
94
61
93
28
33
32
84
37
36
51
40
21
109
106
38
30
55
48
95
43
58
53
64
56
121
44
73
62
74
68
71
91
117
77
5
67
123
57
119
23
83
80
78
88
98
22
65
111
52
118
90
105
124
113
125
2
129
128
158
224
152
170
144
240
151
234
219
155
162
134
154
138
157
140
147
181
146
131
145
230
130
167
159
156
228
236
192
182
178
195
198
169
205
177
203
213
244
186
229
180
133
208
163
201
197
210
173
223
241
238
216
222
225
274
293
273
339
264
352
259
355
308
253
330
252
288
262
310
258
312
295
351
287
266
350
283
282
323
346
256
309
328
315
333
340
305
257
325
292
272
260
321
344
301
302
353
304
354
358
311
314
263
290
332
331
303
341
342
254
371
366
375
393
363
447
380
458
456
436
377
370
382
469
373
374
396
448
372
384
455
408
404
460
385
399
383
391
466
423
400
420
398
465
468
392
362
437
453
444
401
409
406
403
427
376
421
424
365
443
431
467
361
442
446
463
482
546
491
529
526
582
483
489
528
499
498
510
530
486
512
564
516
501
500
532
502
475
496
492
548
549
554
522
551
523
533
520
543
575
545
514
567
547
485
581
488
537
555
580
617
588
650
664
590
631
634
623
653
600
655
613
629
658
589
684
663
612
593
599
615
601
661
635
690
651
639
693
618
680
678
628
638
648
591
671
626
621
633
665
611
676
640
587
642
645
646
657
649
662
614
586
659
666
670
620
672
687
691
692
729
753
794
761
764
700
774
698
713
755
756
705
765
730
777
778
795
714
711
771
716
798
720
724
743
727
731
699
748
733
759
745
768
702
752
715
749
750
751
760
747
704
773
772
797
763
793
696
767
769
770
791
728
723
786
781
782
784
790
792
796
866
898
892
827
865
893
822
812
805
896
847
871
814
868
867
824
823
838
874
907
810
841
849
859
840
844
869
820
905
883
809
850
807
856
858
876
860
890
862
863
806
903
872
846
848
885
830
895
897
901
908
3
1260
1262
1273
1274
45
1276
1278
1279
70
132
104
189
89
918
925
1264
916
1275
14
0
920
921
924
926
927
929
1263
294
917
915
919
928
1287
199
539
1292
1288
1294
1296
1298
313
432
1300
1301
1291
1305
218
1307
1312
689
165
1289
1317
1303
126
148
434
1311
185
531
212
1319
246
654
585
1324
1325
946
191
808
1332
1335
1338
1339
1340
1342
1344
1347
1350
285
1351
1352
1355
243
397
834
789
1333
1337
235
297
1323
1341
277
368
207
1359
1361
959
1366
1377
1378
1383
1385
1386
1389
1392
1397
1398
1402
1400
1405
1381
1388
307
1395
508
1410
608
1408
1409
1412
100
1417
1420
1423
1425
1427
221
1430
494
1432
1437
115
1439
1443
416
484
1429
299
505
284
1446
1449
1450
540
1451
1454
1455
1456
1457
1458
1461
1462
1464
583
1467
1469
441
1470
1471
1472
605
584
1481
1482
249
577
1479
1468
937
688
694
1525
644
1483
1484
394
1084
1486
1488
1493
1494
762
1495
1496
1497
1499
1500
1502
517
1503
1506
348
1508
701
1512
1514
1516
1517
1519
1522
1524
955
686
1529
1509
1527
1528
683
1501
1498
1554
1172
1530
1040
738
1532
1534
1574
1545
1537
1538
1539
1540
1542
1543
766
1546
1547
1550
1551
785
1549
1571
1559
1561
1562
804
1568
1541
610
428
552
450
184
1121
1577
828
435
1583
706
703
935
1588
880
933
1592
1594
1595
1596
1600
1601
1602
1603
1604
1605
911
1607
1608
1610
1611
1613
1617
1618
1619
1620
1622
934
1624
571
1591
1580
1587
1590
1586
936
938
991
983
999
962
966
968
970
972
978
980
1012
985
986
954
993
950
963
996
947
994
956
987
1049
961
997
960
995
957
948
998
964
979
1037
1159
1128
1051
1083
1067
1054
1098
1088
1163
1106
1075
1160
1142
1082
1101
1061
1063
1625
1626
1627
1628
1629
1630
1631
1633
1634
1204
1250
1207
1231
1221
1249
1236
1224
1201
1198
1175
1202
1244
1637
1665
1640
1643
1645
1650
1654
1658
1659
1668
561
981
1660
1656
1663
553
1081
803
402
673
579
356
832
544