2
3
5
6
7
9
10
11
13
14
15
16
17
19
21
24
27
43
44
35
45
48
50
57
59
58
60
62
63
66
67
73
74
75
78
79
81
83
84
86
90
91
94
95
102
107
108
109
110
111
112
114
115
116
118
120
121
122
123
124
125
126
127
129
131
133
134
137
138
139
141
143
144
145
149
150
153
158
159
160
161
163
164
167
168
169
170
174
175
176
177
178
179
180
182
184
186
187
188
189
191
192
194
196
199
200
210
211
213
214
215
217
218
219
221
224
225
226
227
230
231
232
234
238
235
236
239
241
244
249
250
251
255
257
268
269
270
273
275
279
280
282
283
284
287
288
289
290
293
294
103
299
300
301
302
303
304
310
307
311
312
315
316
317
320
318
323
325
324
327
333
353
340
342
343
345
346
347
375
348
349
352
356
357
358
359
361
362
364
365
368
372
374
370
377
378
379
380
382
383
384
385
386
387
388
389
390
391
392
398
399
400
401
402
403
411
413
419
420
421
422
423
424
425
426
427
428
435
440
441
442
451
453
454
455
457
458
460
462
474
463
464
465
467
468
537
470
471
540
472
591
475
476
477
478
480
481
482
483
484
485
487
488
492
489
494
493
499
500
501
502
510
514
505
517
518
519
521
522
523
524
525
526
528
529
532
531
536
539
541
543
545
546
547
550
551
552
555
557
558
559
560
561
563
568
574
571
580
583
585
587
593
595
597
598
606
610
608
611
615
616
618
621
622
625
626
627
628
636
637
634
635
639
638
641
642
644
645
646
647
648
650
652
653
654
662
666
668
673
675
678
685
697
698
700
703
704
705
709
716
718
719
720
722
728
729
733
734
738
739
746
747
753
757
755
759
770
771
772
773
774
775
776
787
781
789
791
793
794
795
796
803
808
810
814
816
827
822
828
825
833
839
837
831
847
844
851
849
854
852
859
861
865
862
866
877
883
882
890
897
898
900
901
902
904
903
906
917
920
927
929
930
933
932
934
935
936
939
940
941
942
943
944
945
949
946
947
950
951
952
954
958
961
962
963
964
966
969
970
971
972
974
976
978
977
979
982
984
985
986
987
989
990
993
995
998
1000
1006
1007
1010
1011
1013
1015
1016
1017
1023
1026
113
136
140
223
264
291
206
278
319
344
429
446
496
527
592
582
602
603
677
684
682
701
735
724
748
769
767
785
886
845
928
910
959
983
991
1001
1025
1022
1028
1005
1029
1031
262
1033
1034
1037
1042
1043
1045
1051
1055
1056
1058
1061
1060
1064
1066
1068
1069
1071
1072
1073
1076
1077
1078
1080
1081
1082
1083
1091
1092
1095
1096
1097
1098
1100
1101
1105
1107
1108
1110
1109
1111
1112
1114
1115
1116
1117
1118
1122
1124
1125
1126
1127
1132
1133
1134
1137
1139
1140
1142
1143
1148
1149
1150
1152
1154
1155
1156
1157
1158
1159
1161
1162
1163
1164
1165
1166
1167
1168
1170
1172
1176
1175
1174
1177
1179
1180
1181
1182
1186
1187
1188
1189
1190
1194
1197
1198
1199
1200
1202
1203
1204
1209
1210
1213
1214
1215
1219
1221
1222
1223
1228
1229
1235
1231
1236
1238
1240
1246
1247
1253
1250
1254
1255
1256
1257
1258
1260
1262
1264
1265
1267
1277
1270
1274
1271
1278
1280
1276
1282
1283
1285
1288
1291
1290
1292
1293
1295
1296
1298
1299
1300
1301
1302
1303
1304
1305
1306
1307
1308
1309
1310
1311
1312
1314
1349
1315
1316
1317
1318
1319
1321
1323
1322
1324
1325
1326
1328
1334
1335
1338
1345
1346
1350
1355
1359
1360
1361
1362
1363
1364
1366
1369
1368
1370
1371
1372
1373
1374
1376
1377
1382
1384
1385
1388
1391
1394
1399
1400
1401
1402
1404
1407
1408
1409
1410
1412
1414
1416
1415
1418
1419
1424
1430
1431
1432
1434
1435
1436
1438
1439
1440
1443
1444
1446
1445
1448
1452
1455
1457
1459
1461
1462
1463
1466
1467
1470
1471
1472
1473
1477
1481
1483
1484
1486
1487
1488
1489
1491
1495
1498
1499
1500
1501
1502
1505
1506
1509
1510
1512
1513
1518
1520
1521
1522
1523
1524
1525
1526
1527
1528
1529
1530
1531
1532
1533
1534
1535
1536
1537
1538
1539
1540
1541
1542
1543
1544
1545
1546
1547
1548
1549
1551
1553
1554
1555
1557
1558
1560
1559
1561
1563
1564
1565
1567
1568
1571
1572
1573
1574
1575
1576
1579
1578
1577
1580
1582
1581
1585
1586
1588
1589
1594
1597
1596
1600
1601
1603
1604
1605
1608
1609
1610
1611
1613
1620
1621
1623
1625
1628
1635
1636
1637
1638
1640
1642
1643
1644
1645
1648
1647
1649
1650
1652
1657
1658
1660
1661
1662
1663
1664
1666
1667
1668
1669
1670
1672
1673
1674
1676
1677
1679
1680
1681
1683
1684
1685
1686
1687
1688
1689
1690
1691
1692
1694
1695
1696
1697
1698
1699
1700
1701
1702
1703
1704
1706
1707
1708
1710
1711
1712
1713
1714
1716
1717
1719
1721
1722
1723
1724
1725
1727
1728
1730
1731
1732
1736
1737