274346
274347
274348
274349
274346
274347
274348
274349
274350
274351
274352
274353
274354
274355
274356
274357
274358
274359
274360
274361
274362
274363
274364
274365
274366
274367
274346
274347
274346
274346
274347
274346
274347
274348
274349
274350
274351
274346
274347
274348
274349
274350
274351
274352
274353
274354
274355
274356
274357
274358
274359
274360
274361
274362
274363
274346
274347
274348
274346
274347
274348
274349
274350
274351
274352
274353
274346
274346
274347
274346
274347
274355
274364
274372
274374
274375
274376
274377
274378
274379
274380
274381
274391
274401
274404
274405
274425
274427
274449
274457
274458
274459
274460
274461
274462
274463
274464
274469
275255
275256
275257
275258
275259
275260
275261
275287
275291
275293
275294
275295
275296
275297
275298
275299
275300
275301
275302
275309
275317
275325
275328
275350
275352
275378
275379
275384
275398
275407
275420
275426
275433
275456
275459
275472
275480
275492
275495
275500
275501
275510
275511
275519
275526
275551
275566
275568
275570
275584
275585
275601
275622
275628
275635
275643
275645
275654
275656
275657
275658
275661
275665
275684
275744
275756
275757
275761
275770
275774
275780
275797
275837
275853
275857
275859
275862
275929
275931
275953
275957
275958
275980
275981
275993
275996
275997
275998
275999
276000
276001
276002
276003
276004
276005
276006
276007
276008
276009
276010
276011
276012
276013
276014
276015
276016
276017
276021
276022
276024
276026
276027
276044
276067
276073
276093
276125
276128
276147
276148
276149
276150
276151
276152
276153
276154
276155
276156
276157
276158
276159
276160
276161
276162
276163
276164
276165
276166
276167
276168
276170
276172
276173
276174
276175
276176
276177
276178
276179
276180
276181
276182
276183
276184
276185
276186
276187
276197
276201
276202
276203
276204
276205
276206
276207
276208
276209
276210
276211
276212
276213
276214
276215
276216
276217
276218
276219
276220
276221
276222
276223
276224
276225
276226
276227
276228
276229
276230
276231
276232
276233
276234
276235
276236
276237
276238
276239
276240
276241
276243
276244
276245
276246
276247
276248
276249
276250
276251
276252
276253
276254
276255
276256
276257
276258
276259
276260
276261
276262
276263
276264
276265
276266
276267
276268
276269
276270
276271
276272
276273
276274
276275
276276
276277
276278
276279
276280
276281
276282
276283
276284
276285
276286
276287
276288
276289
276290
276291
276292
276293
276294
276295
276296
276297
276298
276299
276300
276301
276302
276303
276304
276305
276306
276307
276308
276309
276310
276311
276312
276313
276314
276315
276316
276317
276318
276319
276320
276321
276322
276323
276324
276325
276326
276327
276329
276330
276331
276332
276333
276334
276335
276336
276337
276338
276339
276340
276341
276342
276343
276344
276345
276346
276347
276348
276349
276350
276351
276352
276353
276354
276355
276356
276357
276358
276359
